0	2029
1	2336
2	2128
3	2009
4	1778
5	1951
6	2035
7	2019
8	2110
9	2293
11	2057
12	2230
13	2369
15	2343
16	2321
17	2115
18	2249
20	1871
21	1875
22	2385
23	2377
24	2238
25	2024
27	2310
28	2425
30	2142
31	2451
32	2320
33	2010
35	2158
36	2359
39	2248
40	2150
41	2152
42	2405
43	2290
44	2408
45	2307
46	2028
47	2368
48	2330
49	2400
50	2414
52	2144
53	2300
54	2360
55	2394
56	2039
57	2376
58	2301
59	2389
60	2186
61	2122
62	1998
63	2040
65	2092
66	2423
67	2118
68	2016
69	2058
73	1870
74	2193
75	2299
76	1876
77	2276
80	2303
81	2437
82	2074
83	2316
84	2079
85	2242
87	1927
88	1957
89	1592
90	1879
92	2348
93	2332
94	2229
95	1932
96	2013
97	2148
98	2182
99	2319
102	1994
103	2271
104	1945
105	2064
106	2173
107	1953
108	2050
109	2060
110	2027
111	2335
112	2358
113	2213
114	1996
115	2109
116	2250
117	2033
118	2164
119	1914
120	2402
122	2140
123	2351
124	2279
125	1925
126	2412
127	2188
128	2208
129	2129
131	2388
133	2036
134	2288
135	2313
136	2196
137	2283
139	2163
141	1916
142	2184
143	2227
144	2450
145	2254
146	2379
148	2216
149	2380
151	2175
153	2088
154	2446
155	1913
156	2187
157	2107
158	1966
159	1915
160	2200
161	1942
162	2419
163	2061
164	2266
165	1909
166	2236
167	1494
168	1955
169	2212
170	2237
171	2326
172	2243
173	2084
175	1952
176	2396
178	2433
179	1981
180	2334
181	2302
182	1319
183	2170
184	2167
185	2149
186	2020
187	2119
189	1939
190	2432
191	2023
192	2199
193	2381
194	2191
195	2066
196	2327
197	2390
199	2126
200	2097
201	2205
202	2112
203	1986
204	1873
205	2431
206	2089
207	2078
208	1961
209	2051
210	2245
211	1910
212	2371
213	2255
214	2429
215	2374
217	2091
218	2331
219	2139
220	1878
222	2127
223	2202
224	2063
225	2291
226	1985
227	2258
230	2256
231	1705
232	2296
233	2294
234	2052
236	1712
239	1501
241	2438
242	2418
243	2372
244	2012
246	2338
247	2211
248	2153
249	2289
252	2325
253	2416
254	2395
255	1556
257	2280
259	2337
260	2044
261	1934
262	2274
263	2022
264	1960
265	2232
266	1958
267	2049
268	2133
269	2014
270	2345
271	2037
273	1980
274	2038
275	1965
276	1940
277	2077
278	2306
279	1882
280	2166
281	2406
282	2397
283	2260
284	2072
285	2147
286	1976
287	2041
288	2162
289	2168
290	2373
292	2417
293	2355
294	2287
295	1895
296	2090
298	2217
299	2305
300	2361
301	2252
302	2309
303	2322
305	1931
307	2362
308	2261
309	2015
310	2131
311	2312
312	2251
313	2087
314	2082
315	2440
316	2156
317	2059
318	2401
320	2273
321	2382
322	1892
323	2448
325	1946
327	2136
328	2222
331	2176
334	2001
335	1918
336	2223
337	1975
338	2391
339	1984
340	2226
341	1907
342	1968
343	1973
344	1896
345	2370
346	1884
347	2098
349	2195
350	2121
351	1947
352	2342
353	2141
354	2353
355	2285
356	1937
358	2215
359	2220
360	2070
362	2062
363	2117
364	2387
365	2006
366	2434
367	2011
368	2430
370	2210
372	2181
373	2247
374	2339
375	2367
377	2120
378	2169
379	2315
381	2411
382	1922
383	2179
384	1900
385	1906
386	1890
387	2219
388	2333
389	2201
390	2413
391	2233
392	2081
393	2178
394	2130
395	2386
398	2224
399	2304
400	1983
401	2324
402	1979
403	2422
404	2071
406	2055
409	2308
410	2096
411	2125
412	2436
413	2116
414	1944
416	2106
417	1872
418	1938
421	2207
422	2240
423	2314
424	2270
425	2241
427	2048
428	2297
429	2421
431	1964
432	2108
433	2053
434	2031
435	2206
437	2378
439	1950
440	2263
441	1622
442	2018
443	2329
445	2318
447	2138
448	2375
449	1948
450	2171
451	2103
452	2357
453	1987
454	2183
455	2159
456	2323
457	2439
458	2364
459	2265
460	2146
462	2277
464	2021
465	2007
466	1993
467	2259
468	2365
469	2272
470	2344
471	2231
472	2194
473	2442
474	2346
475	2124
476	2268
477	2214
478	2264
480	2102
481	2262
483	2435
484	2415
487	2311
488	2409
490	2298
491	2407
492	2398
493	2267
494	1962
495	2043
497	2151
499	2383
500	2032
501	2192
505	1926
506	1515
508	1977
509	1988
510	1982
511	2292
512	2366
513	2428
514	2443
515	2295
516	2203
517	2113
520	2076
521	2003
522	2427
523	1360
524	2095
525	2145
526	2410
528	2282
529	2160
530	2239
531	2328
532	2269
535	2025
536	2105
537	1874
538	2441
539	2317
540	1963
541	2155
542	2135
543	1928
544	2341
545	1971
547	1933
548	1880
550	2002
551	1995
552	2042
553	2403
554	2157
555	2275
556	1969
557	2284
558	1990
560	2228
561	2392
562	2123
563	2080
564	2094
565	2278
568	2221
569	2257
570	1386
571	2111
572	2204
573	1924
574	2075
575	2172
576	2190
577	2026
578	2399
579	2384
580	2354
636	1551
675	1372
698	1682
717	1660
727	1669
731	1860
822	1400
945	1335
973	1301
991	1563
992	1585
1005	1375
1031	1303
1072	1519
1153	1508
1181	1799
1183	1328
1234	1577
1283	1323
1293	1376
612	1407
618	1756
620	1540
621	1327
659	1821
674	1331
682	1837
732	1686
750	1601
784	1490
788	1529
789	1637
792	1576
793	1687
813	1368
851	1434
925	1702
957	1621
960	1720
972	1409
1015	1599
1081	1801
1084	1834
1155	1758
1180	1593
1251	1537
1263	1842
1284	1810
