23222	35094
21088	35095
22170	35096
23466	35097
25243	35098
21632	35099
21522	35100
22875	35101
22400	35102
23167	35103
22568	35104
22032	35105
22109	35106
21913	35107
23318	35108
23761	35109
21621	35110
21753	35111
24486	35112
24329	35113
24748	35114
21238	35115
24262	35116
22150	35117
25012	35118
23230	35119
24502	35120
21788	35121
21031	35122
24922	35123
22239	35124
24586	35125
25095	35126
22786	35127
24876	35128
23708	35129
22670	35130
23049	35131
22227	35132
21135	35133
23159	35134
24327	35135
24915	35136
22936	35137
25099	35138
24572	35139
24755	35140
22437	35141
21950	35142
21894	35143
21210	35144
22093	35145
23707	35146
21710	35147
25287	35148
21906	35149
24985	35150
23538	35151
23476	35152
24932	35153
24269	35154
24068	35155
23187	35156
22472	35157
23671	35158
24467	35159
22234	35160
25316	35161
21065	35162
24252	35163
24277	35164
24617	35165
24698	35166
24029	35167
24772	35168
22945	35169
25001	35170
24448	35171
23336	35172
24431	35173
22430	35174
21912	35175
24231	35176
22312	35177
22594	35178
24226	35179
22622	35180
22593	35181
25053	35182
25180	35183
21450	35184
23907	35185
24472	35186
23896	35187
21241	35188
24694	35189
21504	35190
23669	35191
21929	35192
23008	35193
21562	35194
24305	35195
25382	35196
21052	35197
21187	35198
22416	35199
21139	35200
23248	35201
22893	35202
23963	35203
21019	35204
25097	35205
25040	35206
23338	35207
24242	35208
25033	35209
21704	35210
22220	35211
21969	35212
23895	35213
23813	35214
24211	35215
25464	35216
21298	35217
23416	35218
25233	35219
22743	35220
21101	35221
21023	35222
23142	35223
23441	35224
24747	35225
23745	35226
21761	35227
21892	35228
23232	35229
21717	35230
22855	35231
22480	35232
21967	35233
21126	35234
24711	35235
22632	35236
22147	35237
22962	35238
24225	35239
22029	35240
24873	35241
25215	35242
22272	35243
22752	35244
24370	35245
25179	35246
23811	35247
21888	35248
21506	35249
21825	35250
24381	35251
24762	35252
24481	35253
24616	35254
22386	35255
22963	35256
21525	35257
23226	35258
24194	35259
24831	35260
23794	35261
23728	35262
23793	35263
25442	35264
22712	35265
21467	35266
24779	35267
23451	35268
21355	35269
23209	35270
25478	35271
25125	35272
22930	35273
22760	35274
21540	35275
24705	35276
21080	35277
23607	35278
24365	35279
24717	35280
21884	35281
25211	35282
24891	35283
24499	35284
21123	35285
22446	35286
23518	35287
22885	35288
25371	35289
25041	35290
22802	35291
21723	35292
24444	35293
25253	35294
23421	35295
25239	35296
22315	35297
21446	35298
22506	35299
22275	35300
24666	35301
22736	35302
23305	35303
24971	35304
22784	35305
22161	35306
23437	35307
24837	35308
23100	35309
24364	35310
23909	35311
23168	35312
24562	35313
22589	35314
23033	35315
24515	35316
21182	35317
22465	35318
23823	35319
21620	35320
21915	35321
21601	35322
22068	35323
25031	35324
24300	35325
24176	35326
23412	35327
23934	35328
21414	35329
23392	35330
21128	35331
22384	35332
23113	35333
23642	35334
24853	35335
25337	35336
22444	35337
22910	35338
21861	35339
25456	35340
21124	35341
22648	35342
24274	35343
23514	35344
24393	35345
21636	35346
21434	35347
25474	35348
25110	35349
21247	35350
21409	35351
24958	35352
24804	35353
24998	35354
21580	35355
23550	35356
25240	35357
21870	35358
22073	35359
23925	35360
21577	35361
21565	35362
23545	35363
24339	35364
21799	35365
23184	35366
24197	35367
25332	35368
24382	35369
21785	35370
24673	35371
22817	35372
21350	35373
21242	35374
22434	35375
24720	35376
24790	35377
25153	35378
22378	35379
22085	35380
25270	35381
21192	35382
23568	35383
22926	35384
25023	35385
22574	35386
23164	35387
22613	35388
21174	35389
21832	35390
22739	35391
24338	35392
24803	35393
23062	35394
22884	35395
23368	35396
23398	35397
23478	35398
23921	35399
21703	35400
21324	35401
21183	35402
23809	35403
23627	35404
22724	35405
22248	35406
22525	35407
21016	35408
24744	35409
21024	35410
23762	35411
22729	35412
21147	35413
21501	35414
21214	35415
22076	35416
25490	35417
25078	35418
22866	35419
24082	35420
24025	35421
22092	35422
25225	35423
22203	35424
24652	35425
22853	35426
24120	35427
23658	35428
22031	35429
22793	35430
22486	35431
23386	35432
23122	35433
22408	35434
24100	35435
22865	35436
25263	35437
23057	35438
24450	35439
21072	35440
22956	35441
24283	35442
22715	35443
22734	35444
21044	35445
23406	35446
22601	35447
21895	35448
24038	35449
22717	35450
22255	35451
21602	35452
23501	35453
21165	35454
25213	35455
22940	35456
21268	35457
22139	35458
23701	35459
22696	35460
22621	35461
21942	35462
21839	35463
22332	35464
22815	35465
24009	35466
25384	35467
22156	35468
22939	35469
24022	35470
24111	35471
24601	35472
24681	35473
21516	35474
23300	35475
21568	35476
23604	35477
23283	35478
22597	35479
21403	35480
21834	35481
23665	35482
23593	35483
23804	35484
24799	35485
22402	35486
22126	35487
25161	35488
21728	35489
22116	35490
21557	35491
21517	35492
21509	35493
23079	35494
23978	35495
22603	35496
21936	35497
24864	35498
25137	35499
21519	35500
24570	35501
25344	35502
22454	35503
23519	35504
25066	35505
25036	35506
23382	35507
24279	35508
21140	35509
24163	35510
21184	35511
22340	35512
23639	35513
23837	35514
24780	35515
22182	35516
24786	35517
24135	35518
24479	35519
24805	35520
24540	35521
21491	35522
21385	35523
25403	35524
22635	35525
22087	35526
23056	35527
22644	35528
22923	35529
23349	35530
24599	35531
24904	35532
22953	35533
25349	35534
24254	35535
23772	35536
23203	35537
23359	35538
25024	35539
23596	35540
22863	35541
24640	35542
22674	35543
25443	35544
22057	35545
22330	35546
24350	35547
25245	35548
24477	35549
25100	35550
22560	35551
22829	35552
24846	35553
23790	35554
21469	35555
23551	35556
23689	35557
21197	35558
24426	35559
24963	35560
24793	35561
24470	35562
21451	35563
24206	35564
24677	35565
24542	35566
24048	35567
23795	35568
21669	35569
24154	35570
22527	35571
24061	35572
24485	35573
21655	35574
22407	35575
21490	35576
23791	35577
22872	35578
25050	35579
23489	35580
23103	35581
23961	35582
21481	35583
21281	35584
24108	35585
23426	35586
22550	35587
24918	35588
25076	35589
21777	35590
24610	35591
24745	35592
22809	35593
24657	35594
24852	35595
22240	35596
21022	35597
22366	35598
21960	35599
24243	35600
25174	35601
21190	35602
21665	35603
22595	35604
24832	35605
22369	35606
21156	35607
23078	35608
21303	35609
24815	35610
24371	35611
24195	35612
25185	35613
21803	35614
23059	35615
21988	35616
21267	35617
22200	35618
23469	35619
24133	35620
24376	35621
22590	35622
21837	35623
23792	35624
24110	35625
24308	35626
24655	35627
22355	35628
23321	35629
21760	35630
22033	35631
24044	35632
23968	35633
22756	35634
22951	35635
24454	35636
21807	35637
24236	35638
22664	35639
22060	35640
24099	35641
22058	35642
23046	35643
21878	35644
24311	35645
21524	35646
22105	35647
21263	35648
23356	35649
21539	35650
22290	35651
23073	35652
21518	35653
24732	35654
25306	35655
21910	35656
24273	35657
24423	35658
21830	35659
23625	35660
23035	35661
22435	35662
25448	35663
24769	35664
23219	35665
22310	35666
21741	35667
23002	35668
25286	35669
22238	35670
21755	35671
22374	35672
22260	35673
24972	35674
21881	35675
25288	35676
21107	35677
21500	35678
22337	35679
24527	35680
22899	35681
21699	35682
24625	35683
25026	35684
21420	35685
24812	35686
25144	35687
23632	35688
21373	35689
21158	35690
25281	35691
24809	35692
24760	35693
22485	35694
23570	35695
21186	35696
25373	35697
21056	35698
22561	35699
24954	35700
22968	35701
24345	35702
21234	35703
23001	35704
24161	35705
22753	35706
21097	35707
22914	35708
21809	35709
25155	35710
23720	35711
22425	35712
21296	35713
21068	35714
22263	35715
21395	35716
23515	35717
21578	35718
22221	35719
24342	35720
24955	35721
23352	35722
22298	35723
22414	35724
21473	35725
24567	35726
21804	35727
25278	35728
23039	35729
21152	35730
21486	35731
23598	35732
22810	35733
23980	35734
21181	35735
25251	35736
21637	35737
22898	35738
24514	35739
25138	35740
22043	35741
25492	35742
22415	35743
21877	35744
23006	35745
24330	35746
22941	35747
21940	35748
21890	35749
21854	35750
25191	35751
21513	35752
22511	35753
24583	35754
24995	35755
23439	35756
23562	35757
21775	35758
22088	35759
23032	35760
22807	35761
21765	35762
25236	35763
22111	35764
22582	35765
24967	35766
24859	35767
25483	35768
21796	35769
25264	35770
21396	35771
24649	35772
24561	35773
24940	35774
24160	35775
22706	35776
25411	35777
23849	35778
21851	35779
21279	35780
23173	35781
25259	35782
25190	35783
21155	35784
22176	35785
23942	35786
22411	35787
23183	35788
21460	35789
22892	35790
22979	35791
22840	35792
22138	35793
23629	35794
23096	35795
23513	35796
25427	35797
25374	35798
24411	35799
25172	35800
22062	35801
22484	35802
22828	35803
25000	35804
24914	35805
23967	35806
25383	35807
21494	35808
23152	35809
22121	35810
21229	35811
24630	35812
23626	35813
22271	35814
24358	35815
24801	35816
23408	35817
23328	35818
22020	35819
21867	35820
21496	35821
22167	35822
23553	35823
22950	35824
23343	35825
22174	35826
23526	35827
21162	35828
22649	35829
25293	35830
25452	35831
23612	35832
24622	35833
25186	35834
21440	35835
25398	35836
24373	35837
22998	35838
22993	35839
25362	35840
24078	35841
23275	35842
22630	35843
22882	35844
22091	35845
23180	35846
21223	35847
22764	35848
25271	35849
21727	35850
24241	35851
21347	35852
23903	35853
22392	35854
23589	35855
21105	35856
23170	35857
24557	35858
24295	35859
23295	35860
21698	35861
21847	35862
21127	35863
22202	35864
25114	35865
22665	35866
22429	35867
23302	35868
23864	35869
23182	35870
24095	35871
24946	35872
25361	35873
22439	35874
21532	35875
25333	35876
24920	35877
25082	35878
22746	35879
22343	35880
23741	35881
21074	35882
22520	35883
24722	35884
24101	35885
22441	35886
21327	35887
23234	35888
22078	35889
24743	35890
25425	35891
21284	35892
24180	35893
23998	35894
23423	35895
21901	35896
23826	35897
21849	35898
22009	35899
21005	35900
23390	35901
23015	35902
23047	35903
21922	35904
21896	35905
23214	35906
22754	35907
22208	35908
23928	35909
23460	35910
23400	35911
23672	35912
25150	35913
23574	35914
22978	35915
23238	35916
23051	35917
22777	35918
24690	35919
21846	35920
22187	35921
25409	35922
21835	35923
24984	35924
21391	35925
21131	35926
24980	35927
24662	35928
24759	35929
21043	35930
21993	35931
24172	35932
21201	35933
21534	35934
21701	35935
23435	35936
23251	35937
24741	35938
21272	35939
23766	35940
25139	35941
22067	35942
21542	35943
21112	35944
24443	35945
22326	35946
22961	35947
22607	35948
24646	35949
24461	35950
21764	35951
21786	35952
25250	35953
22970	35954
22320	35955
22458	35956
24679	35957
21010	35958
23269	35959
24276	35960
21389	35961
23590	35962
21560	35963
23054	35964
25480	35965
21390	35966
21585	35967
21252	35968
23724	35969
22478	35970
22405	35971
22488	35972
21053	35973
23936	35974
22984	35975
21283	35976
24402	35977
24122	35978
21733	35979
23135	35980
23483	35981
24678	35982
21843	35983
23634	35984
24819	35985
22750	35986
21439	35987
21410	35988
22427	35989
22412	35990
22030	35991
25436	35992
23714	35993
21829	35994
21820	35995
23007	35996
21330	35997
25424	35998
24053	35999
25028	36000
22821	36001
21596	36002
22319	36003
23622	36004
24945	36005
23334	36006
24609	36007
22226	36008
24465	36009
21499	36010
23145	36011
22233	36012
22159	36013
24621	36014
21114	36015
23673	36016
23267	36017
24220	36018
23816	36019
24501	36020
21527	36021
22565	36022
22894	36023
21984	36024
25491	36025
23600	36026
25413	36027
23828	36028
22291	36029
21787	36030
23840	36031
23496	36032
24830	36033
21948	36034
23094	36035
23083	36036
21842	36037
22443	36038
23246	36039
23146	36040
23133	36041
23065	36042
25157	36043
23663	36044
22666	36045
22222	36046
21816	36047
22083	36048
23951	36049
23540	36050
23820	36051
23068	36052
21531	36053
22830	36054
22572	36055
23493	36056
23293	36057
23217	36058
24471	36059
25077	36060
21078	36061
21348	36062
22836	36063
22639	36064
24380	36065
21393	36066
22256	36067
22329	36068
25368	36069
23680	36070
24992	36071
25181	36072
21282	36073
24145	36074
22169	36075
24437	36076
21627	36077
23144	36078
23946	36079
25199	36080
21891	36081
25495	36082
25299	36083
25261	36084
21726	36085
22136	36086
23659	36087
24315	36088
21057	36089
24850	36090
21295	36091
22186	36092
21143	36093
25394	36094
21811	36095
24921	36096
22069	36097
21742	36098
24497	36099
22720	36100
21626	36101
22583	36102
24836	36103
22198	36104
21604	36105
24781	36106
22177	36107
23620	36108
21985	36109
25096	36110
21909	36111
23112	36112
21530	36113
24710	36114
21478	36115
22261	36116
24608	36117
23846	36118
22184	36119
23021	36120
23127	36121
21406	36122
24675	36123
24480	36124
24049	36125
24185	36126
25376	36127
21129	36128
25091	36129
21731	36130
24267	36131
25055	36132
21589	36133
23388	36134
22599	36135
21153	36136
22799	36137
23353	36138
24143	36139
23087	36140
25073	36141
24193	36142
24653	36143
21372	36144
24158	36145
25470	36146
21869	36147
22588	36148
21570	36149
24931	36150
23885	36151
24249	36152
23548	36153
23399	36154
24000	36155
22164	36156
22500	36157
21695	36158
22074	36159
24730	36160
24783	36161
24840	36162
22935	36163
23458	36164
21437	36165
21308	36166
22985	36167
21903	36168
21747	36169
21719	36170
24251	36171
23467	36172
22904	36173
24849	36174
23333	36175
22179	36176
23428	36177
24074	36178
24321	36179
22569	36180
25202	36181
24064	36182
24845	36183
23265	36184
23206	36185
22190	36186
23723	36187
21371	36188
25348	36189
24469	36190
24052	36191
21635	36192
22612	36193
25399	36194
23644	36195
21191	36196
25170	36197
24687	36198
23249	36199
21055	36200
21980	36201
21226	36202
23362	36203
21276	36204
24913	36205
23856	36206
21171	36207
24179	36208
23186	36209
22370	36210
23339	36211
24428	36212
24301	36213
25386	36214
22774	36215
24332	36216
24660	36217
23289	36218
22722	36219
23227	36220
23785	36221
22871	36222
23619	36223
22641	36224
21067	36225
24136	36226
22883	36227
23348	36228
23693	36229
22662	36230
21046	36231
22587	36232
23988	36233
25108	36234
22042	36235
24221	36236
21164	36237
23827	36238
23767	36239
24909	36240
23603	36241
24882	36242
24482	36243
21953	36244
23566	36245
24466	36246
21670	36247
25200	36248
21982	36249
22049	36250
23867	36251
24067	36252
22096	36253
22969	36254
23063	36255
23592	36256
21205	36257
23225	36258
22514	36259
22775	36260
22765	36261
22345	36262
25405	36263
23890	36264
23185	36265
22050	36266
24934	36267
23110	36268
24632	36269
21477	36270
25059	36271
23119	36272
21213	36273
21003	36274
23650	36275
24923	36276
25009	36277
21100	36278
21113	36279
21978	36280
23387	36281
22299	36282
23610	36283
21398	36284
24512	36285
24794	36286
22763	36287
24134	36288
22495	36289
25067	36290
23233	36291
23737	36292
25322	36293
24168	36294
21280	36295
23736	36296
23799	36297
21474	36298
25167	36299
22768	36300
23067	36301
22212	36302
24559	36303
23979	36304
22286	36305
24071	36306
21722	36307
24782	36308
21794	36309
21970	36310
22051	36311
25324	36312
21812	36313
23397	36314
21430	36315
25192	36316
23394	36317
25248	36318
21300	36319
21935	36320
23276	36321
21453	36322
25072	36323
23814	36324
25069	36325
24692	36326
23028	36327
22145	36328
24130	36329
25418	36330
22451	36331
24414	36332
23605	36333
22891	36334
21947	36335
25083	36336
24014	36337
21419	36338
21425	36339
21686	36340
21315	36341
24152	36342
22277	36343
25065	36344
25417	36345
21707	36346
24335	36347
22232	36348
25044	36349
23969	36350
23734	36351
24737	36352
25395	36353
25367	36354
21833	36355
22990	36356
22680	36357
24424	36358
22637	36359
21902	36360
21382	36361
25283	36362
21472	36363
24055	36364
22100	36365
21994	36366
23527	36367
22824	36368
24612	36369
22357	36370
21150	36371
25254	36372
24493	36373
23395	36374
23480	36375
25295	36376
25360	36377
23202	36378
25135	36379
23933	36380
21658	36381
24456	36382
22966	36383
22047	36384
24129	36385
24091	36386
22832	36387
21354	36388
21983	36389
21918	36390
24543	36391
24326	36392
24560	36393
24488	36394
22841	36395
25315	36396
23050	36397
23484	36398
23964	36399
23430	36400
24237	36401
21266	36402
22070	36403
21305	36404
22999	36405
21709	36406
21614	36407
22995	36408
22548	36409
21528	36410
22104	36411
24889	36412
24351	36413
22302	36414
23945	36415
23539	36416
21976	36417
24392	36418
23883	36419
24950	36420
22225	36421
21749	36422
24778	36423
23535	36424
23151	36425
22321	36426
25038	36427
25030	36428
21444	36429
22017	36430
21700	36431
22482	36432
24159	36433
21343	36434
23391	36435
21720	36436
22949	36437
22163	36438
24238	36439
22178	36440
25204	36441
22663	36442
21489	36443
23407	36444
24035	36445
25465	36446
25238	36447
21952	36448
23962	36449
23500	36450
23694	36451
21974	36452
22685	36453
21341	36454
23377	36455
23208	36456
25466	36457
25285	36458
24661	36459
24688	36460
24517	36461
24413	36462
25235	36463
24131	36464
23216	36465
22707	36466
23294	36467
23911	36468
24900	36469
22063	36470
21498	36471
23425	36472
25252	36473
22360	36474
22129	36475
21647	36476
22934	36477
21971	36478
24858	36479
22253	36480
24534	36481
23029	36482
25182	36483
24107	36484
21852	36485
21899	36486
23833	36487
23808	36488
23771	36489
21411	36490
22645	36491
21572	36492
24058	36493
22216	36494
24910	36495
23446	36496
25128	36497
21193	36498
22394	36499
21740	36500
22919	36501
21680	36502
21862	36503
21449	36504
25292	36505
21995	36506
21442	36507
22082	36508
23876	36509
24947	36510
23306	36511
21049	36512
25310	36513
23193	36514
22356	36515
24244	36516
24565	36517
24208	36518
22218	36519
21608	36520
21696	36521
25027	36522
22629	36523
23606	36524
22604	36525
23554	36526
21535	36527
22035	36528
21879	36529
21673	36530
23954	36531
24541	36532
22406	36533
22316	36534
23010	36535
23124	36536
22131	36537
23479	36538
23844	36539
22410	36540
25493	36541
21806	36542
23263	36543
23958	36544
22812	36545
22960	36546
22175	36547
24234	36548
21400	36549
25375	36550
23937	36551
23985	36552
24037	36553
23125	36554
21198	36555
24590	36556
24620	36557
22796	36558
21561	36559
21033	36560
25226	36561
23074	36562
23471	36563
25472	36564
22528	36565
24474	36566
21646	36567
25434	36568
23643	36569
22379	36570
22295	36571
21326	36572
22723	36573
24298	36574
22585	36575
24272	36576
21729	36577
25232	36578
23851	36579
23581	36580
21211	36581
21630	36582
24545	36583
24644	36584
23196	36585
22577	36586
23636	36587
25158	36588
22849	36589
24020	36590
23621	36591
24340	36592
21121	36593
23118	36594
23509	36595
22719	36596
22598	36597
21559	36598
23700	36599
25326	36600
25414	36601
23427	36602
25123	36603
24535	36604
22957	36605
24399	36606
24069	36607
25359	36608
22501	36609
23429	36610
23107	36611
24813	36612
22022	36613
23783	36614
22273	36615
24709	36616
24877	36617
21579	36618
25311	36619
22512	36620
24549	36621
23371	36622
23061	36623
24676	36624
23615	36625
24083	36626
25121	36627
23748	36628
24957	36629
23992	36630
23579	36631
22127	36632
24306	36633
25147	36634
24847	36635
25291	36636
24600	36637
21529	36638
23175	36639
21550	36640
22191	36641
21136	36642
22991	36643
22264	36644
23977	36645
24784	36646
21249	36647
24415	36648
23549	36649
22133	36650
23235	36651
25046	36652
24449	36653
23378	36654
24066	36655
21426	36656
25428	36657
21778	36658
23037	36659
24011	36660
25390	36661
22475	36662
22351	36663
24628	36664
23507	36665
21185	36666
21025	36667
24492	36668
22213	36669
22677	36670
23677	36671
24341	36672
24593	36673
21360	36674
25440	36675
21718	36676
24773	36677
21288	36678
22391	36679
22795	36680
22997	36681
23218	36682
22335	36683
25275	36684
22098	36685
22160	36686
23431	36687
24425	36688
22581	36689
22947	36690
22608	36691
23369	36692
21418	36693
24484	36694
23257	36695
25037	36696
23517	36697
23637	36698
25168	36699
22375	36700
23308	36701
21417	36702
24961	36703
23775	36704
22231	36705
21291	36706
25392	36707
23102	36708
22890	36709
23503	36710
24001	36711
24996	36712
23099	36713
23149	36714
23076	36715
22847	36716
23450	36717
24181	36718
21590	36719
22976	36720
24359	36721
25142	36722
22831	36723
21533	36724
22946	36725
23947	36726
21622	36727
23850	36728
21789	36729
21485	36730
24336	36731
24230	36732
23950	36733
23512	36734
24511	36735
21584	36736
23667	36737
24391	36738
25047	36739
23873	36740
21463	36741
22541	36742
21325	36743
22287	36744
24641	36745
24223	36746
21914	36747
23670	36748
25074	36749
23894	36750
22040	36751
24505	36752
22455	36753
24102	36754
24217	36755
22780	36756
22524	36757
21866	36758
24887	36759
21079	36760
22077	36761
22981	36762
21286	36763
22709	36764
23442	36765
24089	36766
25208	36767
22552	36768
25439	36769
22721	36770
23520	36771
22071	36772
21199	36773
21169	36774
21724	36775
21521	36776
22975	36777
25214	36778
21231	36779
22932	36780
24116	36781
21667	36782
25048	36783
23699	36784
25341	36785
21077	36786
24820	36787
22826	36788
23972	36789
25163	36790
21941	36791
24041	36792
24989	36793
24278	36794
22920	36795
25454	36796
24123	36797
24378	36798
23485	36799
24045	36800
24260	36801
25106	36802
24746	36803
21039	36804
24916	36805
21573	36806
25297	36807
25313	36808
24476	36809
23569	36810
22353	36811
21790	36812
21047	36813
24925	36814
25017	36815
23089	36816
21353	36817
21693	36818
22845	36819
24983	36820
23384	36821
21106	36822
23815	36823
23256	36824
23536	36825
22545	36826
24141	36827
25497	36828
23635	36829
24863	36830
25370	36831
25164	36832
25002	36833
24739	36834
21868	36835
21111	36836
24062	36837
21352	36838
22108	36839
24736	36840
24353	36841
22242	36842
22992	36843
22718	36844
21860	36845
24285	36846
24704	36847
24094	36848
22513	36849
23350	36850
24960	36851
22450	36852
23660	36853
21781	36854
22244	36855
21739	36856
21269	36857
22900	36858
21611	36859
24445	36860
23077	36861
24898	36862
21232	36863
24576	36864
23805	36865
24256	36866
22762	36867
23631	36868
22967	36869
22144	36870
24647	36871
23602	36872
23614	36873
24184	36874
22509	36875
25290	36876
22851	36877
23927	36878
22503	36879
23504	36880
22827	36881
21333	36882
22800	36883
25131	36884
24975	36885
21096	36886
21897	36887
21783	36888
21301	36889
21905	36890
23523	36891
21071	36892
23960	36893
23052	36894
22741	36895
23134	36896
22352	36897
25119	36898
25268	36899
21470	36900
22789	36901
22640	36902
24357	36903
24190	36904
23806	36905
25388	36906
21335	36907
24658	36908
24372	36909
21062	36910
25369	36911
21609	36912
21235	36913
22265	36914
24435	36915
22036	36916
22684	36917
24313	36918
21337	36919
22636	36920
24896	36921
25351	36922
22682	36923
24419	36924
22397	36925
22948	36926
22733	36927
22792	36928
25302	36929
21754	36930
24016	36931
22479	36932
21206	36933
21004	36934
23541	36935
23567	36936
22558	36937
23662	36938
24427	36939
24429	36940
24405	36941
22142	36942
22533	36943
22075	36944
24871	36945
24941	36946
22751	36947
21613	36948
22973	36949
22339	36950
21591	36951
22779	36952
23290	36953
22094	36954
21607	36955
21179	36956
24097	36957
21859	36958
24495	36959
22372	36960
22964	36961
21407	36962
25484	36963
21081	36964
24935	36965
21109	36966
22713	36967
23674	36968
23424	36969
22241	36970
24004	36971
23887	36972
24603	36973
25003	36974
24903	36975
22839	36976
23128	36977
21818	36978
23177	36979
24404	36980
25347	36981
24124	36982
23703	36983
23889	36984
21013	36985
24024	36986
22782	36987
24026	36988
22079	36989
21054	36990
22507	36991
21907	36992
25410	36993
22901	36994
21583	36995
24076	36996
24409	36997
21675	36998
21638	36999
22668	37000
22624	37001
23405	37002
25276	37003
24258	37004
22531	37005
21813	37006
24538	37007
23917	37008
21543	37009
25162	37010
25234	37011
22879	37012
21736	37013
21381	37014
22578	37015
23354	37016
23768	37017
23782	37018
22072	37019
24851	37020
21029	37021
24564	37022
22149	37023
25305	37024
24895	37025
22994	37026
23111	37027
23058	37028
22519	37029
23552	37030
25035	37031
24919	37032
23366	37033
24530	37034
21458	37035
21456	37036
24721	37037
25148	37038
22462	37039
22385	37040
23207	37041
24956	37042
24397	37043
24750	37044
23324	37045
22634	37046
24080	37047
25079	37048
24483	37049
25143	37050
21278	37051
25489	37052
22140	37053
24408	37054
23774	37055
23847	37056
23953	37057
21651	37058
24255	37059
23418	37060
23313	37061
22019	37062
21334	37063
22194	37064
25363	37065
23710	37066
21968	37067
23906	37068
24457	37069
24296	37070
22471	37071
25171	37072
24151	37073
22986	37074
23580	37075
23286	37076
25105	37077
24250	37078
21000	37079
23106	37080
25460	37081
25277	37082
22118	37083
23516	37084
24539	37085
22788	37086
22045	37087
21289	37088
23462	37089
24798	37090
24192	37091
22675	37092
25021	37093
21956	37094
22861	37095
24475	37096
21203	37097
21885	37098
23912	37099
24264	37100
24288	37101
23563	37102
23454	37103
21649	37104
21797	37105
23463	37106
22833	37107
24174	37108
21392	37109
23918	37110
23675	37111
24637	37112
24825	37113
22616	37114
25468	37115
22508	37116
21408	37117
21998	37118
25247	37119
24057	37120
21782	37121
23303	37122
22544	37123
24187	37124
24363	37125
23014	37126
23773	37127
21508	37128
24911	37129
22813	37130
23136	37131
22012	37132
24072	37133
21567	37134
22610	37135
23417	37136
21270	37137
24680	37138
21823	37139
24081	37140
22818	37141
24749	37142
23080	37143
22816	37144
22874	37145
23375	37146
22540	37147
24987	37148
21810	37149
21304	37150
22605	37151
21779	37152
23473	37153
24446	37154
24294	37155
21030	37156
21277	37157
22797	37158
24027	37159
25431	37160
24548	37161
23254	37162
24412	37163
21507	37164
23997	37165
25471	37166
22373	37167
23494	37168
22918	37169
23316	37170
23780	37171
25154	37172
22989	37173
22658	37174
23931	37175
23268	37176
22419	37177
25051	37178
23735	37179
25018	37180
23092	37181
23702	37182
21800	37183
24312	37184
21633	37185
21365	37186
24440	37187
23132	37188
25435	37189
23244	37190
22228	37191
21412	37192
23829	37193
22889	37194
22535	37195
24948	37196
24810	37197
22906	37198
22937	37199
22024	37200
23649	37201
24337	37202
22903	37203
22623	37204
21167	37205
22181	37206
22611	37207
23104	37208
22628	37209
21853	37210
23869	37211
24320	37212
21523	37213
24386	37214
23719	37215
23986	37216
22459	37217
22199	37218
21592	37219
22547	37220
21874	37221
23026	37222
22820	37223
24634	37224
23402	37225
23005	37226
21713	37227
23559	37228
21236	37229
25262	37230
21339	37231
21927	37232
24032	37233
22143	37234
23030	37235
24245	37236
21032	37237
22246	37238
22288	37239
22467	37240
23036	37241
22250	37242
23941	37243
22676	37244
24287	37245
21130	37246
22944	37247
22283	37248
22858	37249
24021	37250
25084	37251
24648	37252
24754	37253
23165	37254
25340	37255
25132	37256
21814	37257
25101	37258
23679	37259
24883	37260
22711	37261
24387	37262
21432	37263
24525	37264
23692	37265
23314	37266
24821	37267
21962	37268
25198	37269
23990	37270
21216	37271
21027	37272
23738	37273
23220	37274
23000	37275
25357	37276
25294	37277
22420	37278
24555	37279
24589	37280
21424	37281
21958	37282
23413	37283
23258	37284
23041	37285
21134	37286
25223	37287
23198	37288
22006	37289
23213	37290
21207	37291
24766	37292
24624	37293
24060	37294
24795	37295
25237	37296
22683	37297
23048	37298
21020	37299
22529	37300
21256	37301
21215	37302
23750	37303
23401	37304
22653	37305
24828	37306
21943	37307
23648	37308
21850	37309
21654	37310
24042	37311
22124	37312
21212	37313
21666	37314
21931	37315
23255	37316
23009	37317
22487	37318
21028	37319
23882	37320
21222	37321
23497	37322
24436	37323
24284	37324
25450	37325
24379	37326
25335	37327
21856	37328
24667	37329
21260	37330
21791	37331
22761	37332
22099	37333
21331	37334
22767	37335
23583	37336
22331	37337
22027	37338
23373	37339
21838	37340
24328	37341
24148	37342
25016	37343
25451	37344
21359	37345
21204	37346
21386	37347
22880	37348
21259	37349
25303	37350
24982	37351
24207	37352
25103	37353
23542	37354
22474	37355
22269	37356
23508	37357
21933	37358
24917	37359
23456	37360
24715	37361
21363	37362
22570	37363
21014	37364
24719	37365
23544	37366
23126	37367
23800	37368
21328	37369
24788	37370
23090	37371
24418	37372
23154	37373
23691	37374
22013	37375
25381	37376
24214	37377
24388	37378
21644	37379
24953	37380
21095	37381
23866	37382
23189	37383
21092	37384
24390	37385
25207	37386
25397	37387
21597	37388
24838	37389
23200	37390
22791	37391
23715	37392
21059	37393
24740	37394
21886	37395
24233	37396
23727	37397
24460	37398
24031	37399
25475	37400
24090	37401
21973	37402
24959	37403
23346	37404
21237	37405
25319	37406
23646	37407
25309	37408
23345	37409
22850	37410
25156	37411
24019	37412
25080	37413
24797	37414
25013	37415
21250	37416
25104	37417
25193	37418
25244	37419
22112	37420
23822	37421
23618	37422
22148	37423
23898	37424
24908	37425
21273	37426
21063	37427
21921	37428
24119	37429
23011	37430
23731	37431
23280	37432
25004	37433
23278	37434
23698	37435
21394	37436
24988	37437
22102	37438
21766	37439
25354	37440
21368	37441
24979	37442
21042	37443
21650	37444
24489	37445
23084	37446
24106	37447
23690	37448
24697	37449
23902	37450
21706	37451
24685	37452
22134	37453
22690	37454
22440	37455
23031	37456
22553	37457
24368	37458
24017	37459
23498	37460
24389	37461
25255	37462
22095	37463
24015	37464
23363	37465
22041	37466
24324	37467
22457	37468
21487	37469
24814	37470
23661	37471
22166	37472
22580	37473
21547	37474
22686	37475
22491	37476
22252	37477
22502	37478
23322	37479
23443	37480
22389	37481
22153	37482
21855	37483
24716	37484
21264	37485
21345	37486
24268	37487
24712	37488
23403	37489
21836	37490
22625	37491
21086	37492
23910	37493
21893	37494
25391	37495
21619	37496
22377	37497
24928	37498
22980	37499
24007	37500
23725	37501
23611	37502
23655	37503
25052	37504
24905	37505
23157	37506
24002	37507
24385	37508
25218	37509
23819	37510
25184	37511
24734	37512
24281	37513
24318	37514
23299	37515
25339	37516
22873	37517
21138	37518
24173	37519
24127	37520
21370	37521
22367	37522
23573	37523
24703	37524
25459	37525
22426	37526
23973	37527
24257	37528
21795	37529
24307	37530
21951	37531
22279	37532
21075	37533
21883	37534
23506	37535
25112	37536
22348	37537
21307	37538
23546	37539
22185	37540
21979	37541
23003	37542
24571	37543
24209	37544
24986	37545
22691	37546
23591	37547
21762	37548
22859	37549
25350	37550
21329	37551
22938	37552
21306	37553
23776	37554
23270	37555
24248	37556
22276	37557
23195	37558
21376	37559
21663	37560
24075	37561
21793	37562
21767	37563
21808	37564
22983	37565
23924	37566
22119	37567
21640	37568
21482	37569
21102	37570
23490	37571
22518	37572
24317	37573
25438	37574
24270	37575
23071	37576
25187	37577
23557	37578
24487	37579
23647	37580
23004	37581
24157	37582
25060	37583
21930	37584
24951	37585
21598	37586
24290	37587
24942	37588
22224	37589
24280	37590
22933	37591
21957	37592
23281	37593
22483	37594
23355	37595
22122	37596
23555	37597
23981	37598
21581	37599
24282	37600
25426	37601
23376	37602
22173	37603
22825	37604
22432	37605
22834	37606
25130	37607
21443	37608
21378	37609
25116	37610
21569	37611
23777	37612
23913	37613
24167	37614
24210	37615
23628	37616
22822	37617
23298	37618
25045	37619
23848	37620
22362	37621
24374	37622
22034	37623
22747	37624
23534	37625
23361	37626
21157	37627
21599	37628
25015	37629
22539	37630
21208	37631
24563	37632
23438	37633
21007	37634
22172	37635
21377	37636
23976	37637
21091	37638
22902	37639
21750	37640
22388	37641
24635	37642
24352	37643
23730	37644
25146	37645
25216	37646
21176	37647
23381	37648
21966	37649
21702	37650
21677	37651
21379	37652
21428	37653
24952	37654
23893	37655
22776	37656
24866	37657
23072	37658
24974	37659
24316	37660
21520	37661
24309	37662
21433	37663
24566	37664
21926	37665
23510	37666
24726	37667
24532	37668
24259	37669
23150	37670
21556	37671
24271	37672
23284	37673
22038	37674
24727	37675
21317	37676
22805	37677
22268	37678
22772	37679
22000	37680
22442	37681
21008	37682
24594	37683
23752	37684
21822	37685
22693	37686
23676	37687
21297	37688
21582	37689
24708	37690
23944	37691
22870	37692
23729	37693
21309	37694
23137	37695
23564	37696
24994	37697
25090	37698
22249	37699
22301	37700
24674	37701
23914	37702
22959	37703
24682	37704
24297	37705
21145	37706
22689	37707
25330	37708
21464	37709
24039	37710
23117	37711
21122	37712
21294	37713
25430	37714
22925	37715
22516	37716
23919	37717
23372	37718
23379	37719
21159	37720
21115	37721
22907	37722
23705	37723
23389	37724
21342	37725
21629	37726
23975	37727
22266	37728
24878	37729
21488	37730
22546	37731
21571	37732
21662	37733
22338	37734
22886	37735
23609	37736
24833	37737
23704	37738
21705	37739
24724	37740
22304	37741
22466	37742
22445	37743
21934	37744
21678	37745
22748	37746
23155	37747
25008	37748
22705	37749
25118	37750
23578	37751
24438	37752
23287	37753
23624	37754
24496	37755
21170	37756
23192	37757
24713	37758
21073	37759
24073	37760
24498	37761
21495	37762
23874	37763
25441	37764
23852	37765
23194	37766
24550	37767
23688	37768
25280	37769
24087	37770
21209	37771
23013	37772
23586	37773
21954	37774
23831	37775
23465	37776
22137	37777
24547	37778
25412	37779
25197	37780
23358	37781
22481	37782
22403	37783
21712	37784
21735	37785
21991	37786
24855	37787
22364	37788
25159	37789
21041	37790
24040	37791
23327	37792
24367	37793
21321	37794
21945	37795
24033	37796
24178	37797
24096	37798
24869	37799
24439	37800
22642	37801
23764	37802
22490	37803
25387	37804
21757	37805
22324	37806
21656	37807
24292	37808
24441	37809
22350	37810
22421	37811
23109	37812
21233	37813
21441	37814
21314	37815
21258	37816
24314	37817
23842	37818
24756	37819
21721	37820
24164	37821
23364	37822
21357	37823
21312	37824
25209	37825
25366	37826
25327	37827
21615	37828
23288	37829
23274	37830
21801	37831
23949	37832
23319	37833
24927	37834
23422	37835
24894	37836
22106	37837
22282	37838
23585	37839
22922	37840
23169	37841
22404	37842
21711	37843
21925	37844
22380	37845
25273	37846
24591	37847
23307	37848
21405	37849
22521	37850
21653	37851
21551	37852
21873	37853
22654	37854
22461	37855
21037	37856
25377	37857
22692	37858
24642	37859
24023	37860
23716	37861
22154	37862
24323	37863
24331	37864
22428	37865
21066	37866
24523	37867
22383	37868
22211	37869
23529	37870
24421	37871
22247	37872
22303	37873
23156	37874
25314	37875
21961	37876
21465	37877
22334	37878
22003	37879
23948	37880
23259	37881
22217	37882
21805	37883
21026	37884
22987	37885
24473	37886
23147	37887
24204	37888
22257	37889
24442	37890
25122	37891
25102	37892
21628	37893
21730	37894
21401	37895
21151	37896
25034	37897
22655	37898
22881	37899
22278	37900
24669	37901
24884	37902
21173	37903
24383	37904
24606	37905
22424	37906
21172	37907
21683	37908
23841	37909
21555	37910
21802	37911
23994	37912
24289	37913
25308	37914
24224	37915
24885	37916
24693	37917
22537	37918
24521	37919
24293	37920
22700	37921
24937	37922
24291	37923
25206	37924
21672	37925
24893	37926
21919	37927
23770	37928
24785	37929
21069	37930
23414	37931
24088	37932
22708	37933
21605	37934
21375	37935
24333	37936
24808	37937
23838	37938
23197	37939
22790	37940
21510	37941
21021	37942
24059	37943
22785	37944
21364	37945
23984	37946
22536	37947
23085	37948
22354	37949
24848	37950
25175	37951
22280	37952
21117	37953
25301	37954
22887	37955
21549	37956
22008	37957
22659	37958
23285	37959
21668	37960
23066	37961
24664	37962
21104	37963
21975	37964
24533	37965
24239	37966
22730	37967
24186	37968
23587	37969
23588	37970
23139	37971
22333	37972
22390	37973
23905	37974
25378	37975
23038	37976
25486	37977
24619	37978
21512	37979
25407	37980
24453	37981
22679	37982
23532	37983
22229	37984
22214	37985
21166	37986
21058	37987
23758	37988
24936	37989
23309	37990
23069	37991
23601	37992
25272	37993
23301	37994
23747	37995
22259	37996
23547	37997
21366	37998
22555	37999
24707	38000
24993	38001
24978	38002
23739	38003
21110	38004
23993	38005
21536	38006
24325	38007
24451	38008
21116	38009
22778	38010
23342	38011
22192	38012
23668	38013
23732	38014
22749	38015
24232	38016
23205	38017
24458	38018
25127	38019
21098	38020
23161	38021
25496	38022
22798	38023
23279	38024
24384	38025
23332	38026
25007	38027
23452	38028
21692	38029
22387	38030
24602	38031
21287	38032
24770	38033
24651	38034
21244	38035
23755	38036
23241	38037
23420	38038
24802	38039
21435	38040
23810	38041
22470	38042
23385	38043
24650	38044
23743	38045
25145	38046
21484	38047
23582	38048
24322	38049
23760	38050
21824	38051
23696	38052
21006	38053
23357	38054
21340	38055
24213	38056
21497	38057
21230	38058
21920	38059
21679	38060
23763	38061
24558	38062
24964	38063
24093	38064
21594	38065
23900	38066
21639	38067
22564	38068
25061	38069
21575	38070
23252	38071
21045	38072
23781	38073
21227	38074
21876	38075
25267	38076
25408	38077
21416	38078
22162	38079
24144	38080
22349	38081
24753	38082
22135	38083
24605	38084
23115	38085
24764	38086
22468	38087
22814	38088
21503	38089
23053	38090
25488	38091
23166	38092
25463	38093
21089	38094
21864	38095
25318	38096
24304	38097
24215	38098
24006	38099
21992	38100
24970	38101
23824	38102
24763	38103
24775	38104
22327	38105
22254	38106
22852	38107
22737	38108
25086	38109
24050	38110
21660	38111
25025	38112
22958	38113
23323	38114
21694	38115
24729	38116
22289	38117
22368	38118
23042	38119
25401	38120
23477	38121
24611	38122
25256	38123
23335	38124
22189	38125
23282	38126
21431	38127
25205	38128
25329	38129
24613	38130
21917	38131
22671	38132
24818	38133
22180	38134
22132	38135
21361	38136
23337	38137
21194	38138
21018	38139
21586	38140
22023	38141
24222	38142
22431	38143
21076	38144
24879	38145
21587	38146
21685	38147
23530	38148
22977	38149
21438	38150
25010	38151
22498	38152
25039	38153
24098	38154
23098	38155
22563	38156
25379	38157
22401	38158
24899	38159
24360	38160
21743	38161
21552	38162
25420	38163
21863	38164
22651	38165
22627	38166
24595	38167
23296	38168
22346	38169
23881	38170
21090	38171
22497	38172
24420	38173
22703	38174
24170	38175
25194	38176
23821	38177
23695	38178
22878	38179
23652	38180
25019	38181
23818	38182
24546	38183
24796	38184
21261	38185
22005	38186
23212	38187
23678	38188
22311	38189
22219	38190
23304	38191
21515	38192
21752	38193
21459	38194
22619	38195
21220	38196
21293	38197
22496	38198
23093	38199
25169	38200
24777	38201
25173	38202
24901	38203
23116	38204
24842	38205
23684	38206
22744	38207
24356	38208
24902	38209
22084	38210
25109	38211
22314	38212
21399	38213
23455	38214
23711	38215
25334	38216
24607	38217
23966	38218
22615	38219
22090	38220
21898	38221
21610	38222
21387	38223
25188	38224
24991	38225
22215	38226
22342	38227
22025	38228
22110	38229
25345	38230
23798	38231
23843	38232
21316	38233
21691	38234
23312	38235
21397	38236
24430	38237
23016	38238
24084	38239
25352	38240
23179	38241
25396	38242
21429	38243
21821	38244
24012	38245
22052	38246
22396	38247
23965	38248
25029	38249
23878	38250
22911	38251
22965	38252
22447	38253
25242	38254
21624	38255
21875	38256
24725	38257
24109	38258
23718	38259
24202	38260
23240	38261
25372	38262
22262	38263
23713	38264
24598	38265
21436	38266
22576	38267
24700	38268
24824	38269
22165	38270
24592	38271
22714	38272
24949	38273
21099	38274
23645	38275
22897	38276
24817	38277
23759	38278
25054	38279
23802	38280
24718	38281
24462	38282
22549	38283
21616	38284
22854	38285
22538	38286
22921	38287
22363	38288
22862	38289
22155	38290
21240	38291
21455	38292
24686	38293
21848	38294
25321	38295
22515	38296
23686	38297
24728	38298
25032	38299
21681	38300
24738	38301
24375	38302
21603	38303
23897	38304
25289	38305
25307	38306
22318	38307
25419	38308
22284	38309
23722	38310
23932	38311
22592	38312
23733	38313
21290	38314
21384	38315
25498	38316
25457	38317
21374	38318
22158	38319
23247	38320
24553	38321
23740	38322
25219	38323
21161	38324
22317	38325
21858	38326
23160	38327
24897	38328
25458	38329
24510	38330
22697	38331
24731	38332
24478	38333
22647	38334
21981	38335
25346	38336
22037	38337
22758	38338
24162	38339
23040	38340
23528	38341
24394	38342
21351	38343
22694	38344
25461	38345
24614	38346
25064	38347
21243	38348
24701	38349
23470	38350
25266	38351
22505	38352
23633	38353
22499	38354
24070	38355
21253	38356
25189	38357
24886	38358
22806	38359
25227	38360
22359	38361
23872	38362
22168	38363
23415	38364
24051	38365
25393	38366
25389	38367
24827	38368
21612	38369
24654	38370
23859	38371
21538	38372
22837	38373
23499	38374
23178	38375
24299	38376
23091	38377
22007	38378
21475	38379
23613	38380
24008	38381
24302	38382
23383	38383
24742	38384
23153	38385
21708	38386
22742	38387
21986	38388
22575	38389
23411	38390
23899	38391
22924	38392
23765	38393
21623	38394
24138	38395
24105	38396
25353	38397
24874	38398
21248	38399
22618	38400
22347	38401
23044	38402
23697	38403
25113	38404
23020	38405
24585	38406
21618	38407
24235	38408
21770	38409
21595	38410
24579	38411
23211	38412
23237	38413
22086	38414
23419	38415
23250	38416
25343	38417
25477	38418
23726	38419
21002	38420
24361	38421
21275	38422
21502	38423
22341	38424
23464	38425
25296	38426
22687	38427
21454	38428
23012	38429
22048	38430
21769	38431
23786	38432
22669	38433
25195	38434
21642	38435
23320	38436
21070	38437
23457	38438
24823	38439
23561	38440
21415	38441
24366	38442
23685	38443
25133	38444
23608	38445
23297	38446
22021	38447
22197	38448
25183	38449
22661	38450
22230	38451
25117	38452
22867	38453
23481	38454
21924	38455
24455	38456
22270	38457
22055	38458
25229	38459
25482	38460
21085	38461
22877	38462
23742	38463
24888	38464
22869	38465
23181	38466
24835	38467
25071	38468
21137	38469
24199	38470
23778	38471
22620	38472
21972	38473
23472	38474
24344	38475
21900	38476
21221	38477
22504	38478
23330	38479
21773	38480
21349	38481
21224	38482
24867	38483
22382	38484
21676	38485
24416	38486
25455	38487
21163	38488
22039	38489
24149	38490
21745	38491
23396	38492
23832	38493
25020	38494
24966	38495
23034	38496
24137	38497
21362	38498
23787	38499
25011	38500
24046	38501
23916	38502
25222	38503
21338	38504
23453	38505
25400	38506
23410	38507
23326	38508
22325	38509
23239	38510
24177	38511
24491	38512
22141	38513
21050	38514
24266	38515
23616	38516
25201	38517
24522	38518
22409	38519
23575	38520
21427	38521
22004	38522
25453	38523
24875	38524
24856	38525
24166	38526
22842	38527
22235	38528
24347	38529
23930	38530
25062	38531
23839	38532
24398	38533
24816	38534
21017	38535
24629	38536
23654	38537
23380	38538
24253	38539
22557	38540
22643	38541
22080	38542
23495	38543
24114	38544
23171	38545
24529	38546
21857	38547
23174	38548
23915	38549
24633	38550
21356	38551
24944	38552
21009	38553
23447	38554
23264	38555
23273	38556
23492	38557
23943	38558
25338	38559
23055	38560
21946	38561
23572	38562
23886	38563
25423	38564
21262	38565
23836	38566
24459	38567
24962	38568
25228	38569
25494	38570
24247	38571
24834	38572
22704	38573
22819	38574
24912	38575
22305	38576
22205	38577
25385	38578
24147	38579
22114	38580
25089	38581
23162	38582
21142	38583
23855	38584
21844	38585
23070	38586
22130	38587
21175	38588
22323	38589
23959	38590
25088	38591
22183	38592
21225	38593
22381	38594
22781	38595
25325	38596
24735	38597
21576	38598
23341	38599
21937	38600
21061	38601
22556	38602
23683	38603
25355	38604
23884	38605
21012	38606
22423	38607
25094	38608
21923	38609
24757	38610
24188	38611
24857	38612
24706	38613
23651	38614
22573	38615
21120	38616
24286	38617
22913	38618
23617	38619
22015	38620
22206	38621
23130	38622
21084	38623
24531	38624
24643	38625
22236	38626
22128	38627
24275	38628
25445	38629
24150	38630
22413	38631
21094	38632
21511	38633
22698	38634
22195	38635
23158	38636
24663	38637
23224	38638
21751	38639
21346	38640
21323	38641
24580	38642
22571	38643
21944	38644
25129	38645
24861	38646
21827	38647
21756	38648
24369	38649
22196	38650
24396	38651
23721	38652
21093	38653
25485	38654
23088	38655
23560	38656
22823	38657
24683	38658
24349	38659
21195	38660
23717	38661
23271	38662
22453	38663
22896	38664
23229	38665
23597	38666
23486	38667
25057	38668
25246	38669
25300	38670
23022	38671
22652	38672
24028	38673
21271	38674
24665	38675
24758	38676
21887	38677
23955	38678
25149	38679
24422	38680
24639	38681
24807	38682
25063	38683
24198	38684
25304	38685
23807	38686
25178	38687
25422	38688
24627	38689
23952	38690
21423	38691
22510	38692
25124	38693
23444	38694
22463	38695
24578	38696
23325	38697
23543	38698
21715	38699
23409	38700
24034	38701
22562	38702
24169	38703
23291	38704
22542	38705
25043	38706
22120	38707
24463	38708
21871	38709
23756	38710
24907	38711
24645	38712
21380	38713
23657	38714
23449	38715
24574	38716
23830	38717
24432	38718
24829	38719
24139	38720
24575	38721
22773	38722
23751	38723
24752	38724
24377	38725
23880	38726
23982	38727
22113	38728
22066	38729
23143	38730
25499	38731
24117	38732
22769	38733
21817	38734
23640	38735
23877	38736
22115	38737
24588	38738
21959	38739
21744	38740
22059	38741
22543	38742
23744	38743
24343	38744
24969	38745
25140	38746
23558	38747
21082	38748
24086	38749
22864	38750
22237	38751
25087	38752
21776	38753
22876	38754
25473	38755
21265	38756
24844	38757
24520	38758
21617	38759
25231	38760
23347	38761
22673	38762
22436	38763
25279	38764
21955	38765
23243	38766
25141	38767
21872	38768
23863	38769
24142	38770
25249	38771
22908	38772
21688	38773
23025	38774
25282	38775
24671	38776
23266	38777
22210	38778
22322	38779
21737	38780
23505	38781
22844	38782
21631	38783
21990	38784
23393	38785
21476	38786
22522	38787
23404	38788
22171	38789
23221	38790
23223	38791
22701	38792
21322	38793
21108	38794
21200	38795
25365	38796
23017	38797
21684	38798
22296	38799
25056	38800
22808	38801
23595	38802
24684	38803
21738	38804
23138	38805
23594	38806
24125	38807
24968	38808
22559	38809
24537	38810
23845	38811
22591	38812
23888	38813
24526	38814
24839	38815
23204	38816
23656	38817
21996	38818
22125	38819
24761	38820
21492	38821
23176	38822
23922	38823
23891	38824
21040	38825
23374	38826
22757	38827
23653	38828
24584	38829
25328	38830
21882	38831
22245	38832
24146	38833
21336	38834
22307	38835
21763	38836
23757	38837
24999	38838
22888	38839
23351	38840
21011	38841
24452	38842
22770	38843
22294	38844
23060	38845
24468	38846
23191	38847
22523	38848
23511	38849
25476	38850
23904	38851
21588	38852
22258	38853
23172	38854
21015	38855
22064	38856
23599	38857
25356	38858
23201	38859
21254	38860
22452	38861
22395	38862
25358	38863
22399	38864
22596	38865
22678	38866
21732	38867
25166	38868
21274	38869
24246	38870
24189	38871
21479	38872
24822	38873
23120	38874
23991	38875
25449	38876
22614	38877
21466	38878
21251	38879
21217	38880
24509	38881
22695	38882
22014	38883
22584	38884
23999	38885
21064	38886
25437	38887
22018	38888
25429	38889
23292	38890
24092	38891
21780	38892
22731	38893
21574	38894
22297	38895
21034	38896
22010	38897
23082	38898
22702	38899
23666	38900
22002	38901
21748	38902
21908	38903
21483	38904
22361	38905
25134	38906
21038	38907
25120	38908
21697	38909
24965	38910
23329	38911
21302	38912
21421	38913
25342	38914
23310	38915
23097	38916
23121	38917
22586	38918
21036	38919
23105	38920
24924	38921
25317	38922
24751	38923
24063	38924
21828	38925
22954	38926
21051	38927
24240	38928
22517	38929
21160	38930
24227	38931
22011	38932
22846	38933
21545	38934
22418	38935
22188	38936
22566	38937
22460	38938
23753	38939
23638	38940
22725	38941
24587	38942
23664	38943
24789	38944
21792	38945
23521	38946
22738	38947
24219	38948
23101	38949
23825	38950
25447	38951
25152	38952
24872	38953
22656	38954
23577	38955
25210	38956
24183	38957
22996	38958
23331	38959
22942	38960
22489	38961
21445	38962
22243	38963
22204	38964
24768	38965
21606	38966
24865	38967
23974	38968
23141	38969
25212	38970
22606	38971
22868	38972
25006	38973
21369	38974
24175	38975
24568	38976
24464	38977
23129	38978
24689	38979
24930	38980
22803	38981
21593	38982
22710	38983
23487	38984
22344	38985
21285	38986
25323	38987
22469	38988
23929	38989
23857	38990
21772	38991
23163	38992
22053	38993
23531	38994
21841	38995
21319	38996
21541	38997
21001	38998
25217	38999
21815	39000
24977	39001
21759	39002
25111	39003
21548	39004
23862	39005
24577	39006
25241	39007
24182	39008
23024	39009
23970	39010
23215	39011
23311	39012
21311	39013
22600	39014
24862	39015
22107	39016
22526	39017
21180	39018
24500	39019
24513	39020
21154	39021
23245	39022
22438	39023
24201	39024
25220	39025
21932	39026
22617	39027
22848	39028
24348	39029
25462	39030
22449	39031
22727	39032
24354	39033
22672	39034
22281	39035
24892	39036
21689	39037
24776	39038
22146	39039
24128	39040
23938	39041
25093	39042
23565	39043
22667	39044
22476	39045
23360	39046
21758	39047
25221	39048
22123	39049
24767	39050
24582	39051
24943	39052
23317	39053
24699	39054
23475	39055
23870	39056
25380	39057
22735	39058
21178	39059
24216	39060
23879	39061
24881	39062
21831	39063
23709	39064
24403	39065
22267	39066
23019	39067
22209	39068
21928	39069
22660	39070
21826	39071
21987	39072
21734	39073
23045	39074
22609	39075
24218	39076
24303	39077
25092	39078
24668	39079
22927	39080
24140	39081
23367	39082
24573	39083
22530	39084
22856	39085
25331	39086
22732	39087
24056	39088
23868	39089
25444	39090
24407	39091
25467	39092
24003	39093
25284	39094
21035	39095
22308	39096
21659	39097
25230	39098
24400	39099
22103	39100
24890	39101
21218	39102
22860	39103
22631	39104
25481	39105
21964	39106
24036	39107
22681	39108
25312	39109
21257	39110
24723	39111
21383	39112
22046	39113
22602	39114
21661	39115
22065	39116
24841	39117
21119	39118
25269	39119
24113	39120
21963	39121
24623	39122
24774	39123
24417	39124
21911	39125
25402	39126
22473	39127
23340	39128
24310	39129
21768	39130
21774	39131
24618	39132
23571	39133
22626	39134
21452	39135
24503	39136
25364	39137
22811	39138
24077	39139
24695	39140
24792	39141
22313	39142
23525	39143
24261	39144
22398	39145
22028	39146
22740	39147
21819	39148
21344	39149
21148	39150
22293	39151
24156	39152
23769	39153
25265	39154
24672	39155
23474	39156
23131	39157
21625	39158
21177	39159
21865	39160
23957	39161
22223	39162
21457	39163
21132	39164
23623	39165
23488	39166
24115	39167
25151	39168
24490	39169
23123	39170
23260	39171
22433	39172
23995	39173
21219	39174
21652	39175
21422	39176
21239	39177
22759	39178
23784	39179
24787	39180
22016	39181
23754	39182
24626	39183
23524	39184
21402	39185
24615	39186
22251	39187
23788	39188
25274	39189
23687	39190
22972	39191
22838	39192
23210	39193
21690	39194
22494	39195
21537	39196
25126	39197
21682	39198
21989	39199
24165	39200
25258	39201
23190	39202
21643	39203
23448	39204
22726	39205
24939	39206
24524	39207
21784	39208
23502	39209
24702	39210
21388	39211
24528	39212
21202	39213
24132	39214
23236	39215
24631	39216
21125	39217
24843	39218
23983	39219
21999	39220
22688	39221
21310	39222
24229	39223
24010	39224
23796	39225
23253	39226
24030	39227
23854	39228
24319	39229
22955	39230
22917	39231
23940	39232
24926	39233
24596	39234
21320	39235
22971	39236
23971	39237
21514	39238
22801	39239
24656	39240
23148	39241
21664	39242
21997	39243
22915	39244
22089	39245
25176	39246
23989	39247
25260	39248
24880	39249
22117	39250
22567	39251
21448	39252
21462	39253
21087	39254
21413	39255
23908	39256
24507	39257
23086	39258
23797	39259
24065	39260
24410	39261
25049	39262
23812	39263
22201	39264
23996	39265
23537	39266
24112	39267
23712	39268
21480	39269
22929	39270
22982	39271
23277	39272
21118	39273
22794	39274
22422	39275
22456	39276
22464	39277
22393	39278
23834	39279
21168	39280
24191	39281
21255	39282
23491	39283
25136	39284
21563	39285
25406	39286
22909	39287
24263	39288
22152	39289
24771	39290
22835	39291
22766	39292
21149	39293
24638	39294
21292	39295
21146	39296
25042	39297
25081	39298
21671	39299
21716	39300
24636	39301
23315	39302
22056	39303
22650	39304
23875	39305
22477	39306
23801	39307
25165	39308
23272	39309
22912	39310
23682	39311
21471	39312
21674	39313
22193	39314
24018	39315
24733	39316
22365	39317
23064	39318
22905	39319
24518	39320
23433	39321
24696	39322
22292	39323
24765	39324
22274	39325
23935	39326
24552	39327
24103	39328
22081	39329
23556	39330
25085	39331
24544	39332
21196	39333
25479	39334
22448	39335
23114	39336
21245	39337
21916	39338
23865	39339
23231	39340
24153	39341
21889	39342
24118	39343
24870	39344
23468	39345
22657	39346
24043	39347
25432	39348
21144	39349
25404	39350
24196	39351
24212	39352
23043	39353
21299	39354
22151	39355
21600	39356
24800	39357
24997	39358
23108	39359
23436	39360
24981	39361
21447	39362
25257	39363
24933	39364
22952	39365
24860	39366
23434	39367
22943	39368
24906	39369
24447	39370
21141	39371
23584	39372
22309	39373
24938	39374
22157	39375
23440	39376
25421	39377
22699	39378
25336	39379
22061	39380
24079	39381
22417	39382
25022	39383
23432	39384
22551	39385
21880	39386
22336	39387
24691	39388
24597	39389
25098	39390
24104	39391
24659	39392
23779	39393
21367	39394
23630	39395
23746	39396
24401	39397
24569	39398
21246	39399
23533	39400
21798	39401
21546	39402
25160	39403
22783	39404
22101	39405
21657	39406
22493	39407
22646	39408
24346	39409
23459	39410
25298	39411
25115	39412
21493	39413
24519	39414
24126	39415
23242	39416
24047	39417
25075	39418
25416	39419
22328	39420
23858	39421
21553	39422
23370	39423
21845	39424
23987	39425
22097	39426
24581	39427
21558	39428
21103	39429
23939	39430
24433	39431
24973	39432
21771	39433
23075	39434
23018	39435
25068	39436
21358	39437
25320	39438
21648	39439
21505	39440
23817	39441
24506	39442
21687	39443
21714	39444
23228	39445
24228	39446
22026	39447
23789	39448
21566	39449
24200	39450
24005	39451
22306	39452
24976	39453
22207	39454
25196	39455
25446	39456
23365	39457
21083	39458
22579	39459
21544	39460
24203	39461
24826	39462
23445	39463
23522	39464
21228	39465
24121	39466
21133	39467
23261	39468
24406	39469
23901	39470
22633	39471
24508	39472
21332	39473
24990	39474
21318	39475
24155	39476
21461	39477
22554	39478
21048	39479
25070	39480
24013	39481
21188	39482
23892	39483
21949	39484
21634	39485
23871	39486
24854	39487
25203	39488
22492	39489
22371	39490
21965	39491
22857	39492
22001	39493
22534	39494
23188	39495
23641	39496
22728	39497
23027	39498
25487	39499
24551	39500
21564	39501
25433	39502
21725	39503
23803	39504
21468	39505
22916	39506
24554	39507
21313	39508
22787	39509
21404	39510
23344	39511
24265	39512
22532	39513
25469	39514
24054	39515
24811	39516
22285	39517
23861	39518
22771	39519
22804	39520
23926	39521
23199	39522
22988	39523
21641	39524
24670	39525
21904	39526
23706	39527
24504	39528
25014	39529
25224	39530
24806	39531
24085	39532
23835	39533
25005	39534
23923	39535
22895	39536
22638	39537
24516	39538
23853	39539
23749	39540
21554	39541
21840	39542
23956	39543
21977	39544
23081	39545
24536	39546
22745	39547
21060	39548
23920	39549
24604	39550
21645	39551
22755	39552
24205	39553
22928	39554
22358	39555
21189	39556
25415	39557
23576	39558
25058	39559
23461	39560
22931	39561
24556	39562
21746	39563
21938	39564
25177	39565
24868	39566
23095	39567
25107	39568
23023	39569
21526	39570
24355	39571
22300	39572
24362	39573
22376	39574
22974	39575
22716	39576
24171	39577
24714	39578
23140	39579
23482	39580
24395	39581
23681	39582
24929	39583
22054	39584
22843	39585
24791	39586
24334	39587
24494	39588
23860	39589
23262	39590
22044	39591
21939	39592
24434	39593
