21563	34460
24980	34461
23908	34462
25096	34463
23414	34464
24798	34465
22058	34466
23731	34467
22057	34468
25338	34469
24826	34470
21725	34471
24770	34472
24038	34473
22375	34474
24968	34475
24157	34476
25026	34477
22008	34478
22771	34479
21737	34480
21470	34481
21428	34482
22459	34483
23234	34484
23973	34485
21102	34486
24544	34487
21362	34488
25051	34489
22203	34490
22003	34491
23730	34492
23524	34493
21070	34494
23369	34495
21064	34496
21826	34497
23453	34498
24421	34499
21622	34500
21466	34501
21633	34502
22570	34503
23805	34504
25309	34505
21281	34506
22241	34507
22483	34508
23341	34509
24944	34510
23475	34511
24103	34512
24212	34513
24463	34514
21259	34515
22533	34516
22441	34517
22420	34518
22778	34519
24078	34520
22688	34521
22127	34522
22979	34523
23029	34524
22705	34525
22874	34526
22197	34527
22051	34528
25239	34529
25438	34530
23395	34531
21177	34532
23233	34533
22286	34534
21433	34535
22537	34536
22774	34537
25497	34538
22053	34539
23081	34540
22177	34541
21057	34542
22651	34543
23325	34544
22683	34545
24996	34546
23351	34547
23104	34548
25336	34549
23797	34550
23356	34551
25182	34552
22225	34553
25483	34554
24666	34555
21054	34556
25400	34557
24697	34558
25286	34559
22865	34560
22751	34561
22293	34562
23343	34563
21859	34564
21093	34565
24631	34566
22409	34567
22407	34568
24299	34569
23851	34570
21158	34571
22072	34572
21536	34573
21290	34574
23376	34575
24584	34576
22618	34577
24855	34578
24223	34579
21406	34580
23866	34581
23319	34582
23933	34583
22289	34584
22467	34585
22098	34586
24028	34587
23885	34588
22029	34589
21276	34590
25178	34591
24387	34592
25390	34593
22575	34594
22841	34595
21056	34596
24338	34597
23366	34598
22316	34599
23191	34600
21234	34601
25206	34602
21805	34603
24286	34604
23412	34605
22868	34606
22090	34607
21710	34608
23151	34609
21395	34610
22511	34611
23484	34612
21881	34613
23901	34614
22934	34615
21469	34616
22144	34617
25059	34618
25408	34619
22001	34620
22291	34621
24746	34622
24098	34623
25471	34624
24448	34625
22862	34626
22020	34627
24239	34628
25031	34629
21011	34630
23947	34631
23926	34632
23056	34633
25319	34634
23258	34635
24366	34636
22716	34637
23812	34638
25202	34639
23881	34640
21814	34641
22614	34642
22584	34643
22745	34644
21565	34645
23245	34646
24531	34647
25214	34648
23953	34649
24539	34650
21694	34651
23950	34652
24320	34653
22545	34654
21781	34655
23009	34656
25209	34657
25013	34658
21237	34659
23720	34660
21109	34661
24400	34662
24443	34663
23843	34664
24050	34665
24174	34666
21337	34667
22141	34668
21003	34669
22717	34670
22217	34671
24043	34672
25313	34673
21392	34674
22585	34675
24982	34676
22734	34677
23026	34678
23398	34679
24422	34680
21289	34681
21905	34682
21855	34683
23543	34684
24550	34685
21995	34686
21379	34687
25008	34688
22214	34689
22372	34690
24723	34691
24639	34692
22531	34693
23977	34694
21580	34695
21368	34696
24105	34697
24687	34698
24895	34699
24881	34700
25258	34701
22525	34702
22559	34703
21968	34704
23548	34705
25292	34706
23320	34707
24108	34708
21830	34709
24368	34710
21147	34711
25437	34712
24852	34713
25079	34714
22810	34715
23418	34716
22013	34717
21542	34718
23387	34719
24899	34720
24704	34721
22930	34722
24063	34723
23379	34724
24739	34725
24897	34726
21329	34727
24856	34728
24488	34729
21727	34730
22966	34731
24357	34732
23725	34733
22573	34734
22238	34735
22923	34736
24464	34737
22556	34738
23476	34739
24228	34740
24172	34741
22784	34742
22471	34743
22649	34744
24074	34745
21038	34746
23284	34747
23694	34748
22910	34749
25361	34750
24141	34751
21361	34752
25420	34753
21354	34754
22043	34755
21089	34756
21311	34757
23845	34758
21239	34759
23943	34760
21110	34761
21943	34762
23254	34763
22843	34764
24308	34765
21174	34766
23577	34767
22083	34768
22315	34769
24686	34770
21513	34771
24429	34772
21655	34773
21448	34774
22395	34775
22836	34776
22107	34777
23498	34778
23894	34779
21152	34780
23367	34781
21283	34782
23600	34783
24153	34784
24447	34785
21032	34786
23554	34787
23581	34788
23796	34789
22861	34790
24391	34791
22935	34792
24405	34793
22340	34794
21810	34795
21847	34796
23871	34797
22155	34798
24972	34799
25137	34800
22864	34801
23715	34802
21615	34803
21268	34804
22130	34805
23831	34806
22773	34807
24664	34808
21514	34809
23531	34810
24576	34811
24992	34812
21388	34813
21940	34814
21173	34815
22835	34816
21656	34817
22513	34818
22062	34819
21739	34820
24484	34821
24835	34822
23253	34823
23347	34824
24231	34825
21931	34826
25266	34827
21854	34828
25377	34829
24189	34830
21762	34831
21747	34832
22451	34833
22231	34834
25085	34835
21186	34836
22215	34837
24237	34838
22842	34839
21569	34840
21562	34841
24309	34842
21688	34843
24425	34844
22353	34845
21103	34846
25155	34847
23917	34848
21897	34849
22818	34850
24627	34851
23294	34852
23002	34853
24362	34854
22755	34855
21640	34856
22297	34857
25302	34858
23585	34859
22175	34860
24765	34861
21008	34862
25180	34863
23350	34864
21144	34865
21637	34866
24085	34867
25331	34868
25067	34869
21059	34870
23190	34871
24629	34872
24469	34873
24991	34874
24146	34875
23819	34876
22656	34877
23054	34878
23884	34879
23052	34880
22554	34881
24768	34882
22032	34883
25454	34884
23698	34885
21037	34886
25149	34887
22849	34888
23978	34889
22152	34890
22263	34891
24691	34892
24292	34893
22109	34894
21636	34895
24392	34896
22443	34897
23875	34898
25494	34899
22569	34900
22211	34901
23353	34902
23066	34903
23915	34904
24753	34905
22334	34906
24465	34907
23911	34908
21216	34909
24419	34910
23870	34911
22853	34912
24924	34913
24132	34914
23861	34915
23189	34916
22308	34917
23450	34918
22161	34919
21183	34920
24053	34921
22549	34922
25001	34923
25354	34924
21117	34925
21258	34926
22908	34927
21979	34928
24456	34929
21229	34930
24151	34931
23654	34932
22735	34933
24889	34934
24643	34935
22540	34936
25427	34937
24916	34938
22948	34939
23486	34940
25054	34941
22348	34942
21723	34943
22428	34944
22199	34945
24954	34946
25175	34947
21860	34948
23588	34949
21441	34950
23399	34951
24519	34952
22506	34953
21221	34954
24126	34955
23624	34956
22803	34957
23653	34958
21116	34959
24811	34960
23522	34961
21742	34962
24832	34963
24728	34964
21572	34965
24525	34966
21120	34967
24729	34968
25384	34969
24805	34970
22524	34971
22158	34972
23208	34973
23439	34974
22730	34975
25052	34976
25150	34977
21583	34978
25220	34979
25036	34980
22941	34981
25340	34982
22742	34983
23092	34984
21343	34985
22670	34986
21991	34987
21399	34988
21323	34989
23613	34990
22399	34991
21201	34992
24491	34993
22266	34994
23958	34995
24096	34996
22385	34997
23657	34998
23466	34999
25280	35000
22000	35001
24118	35002
22339	35003
21964	35004
21876	35005
22595	35006
23753	35007
22964	35008
22163	35009
21338	35010
21301	35011
22929	35012
23673	35013
22255	35014
21768	35015
24198	35016
23858	35017
25363	35018
24155	35019
24377	35020
25279	35021
21005	35022
21598	35023
25456	35024
24373	35025
24644	35026
21823	35027
23349	35028
23187	35029
21232	35030
22747	35031
22786	35032
23310	35033
24689	35034
25461	35035
25372	35036
24957	35037
23896	35038
23535	35039
25199	35040
22194	35041
21150	35042
23660	35043
23743	35044
24555	35045
22390	35046
21454	35047
22055	35048
24340	35049
21294	35050
22321	35051
23749	35052
21612	35053
21907	35054
21877	35055
22539	35056
21955	35057
24104	35058
22100	35059
21791	35060
23311	35061
23135	35062
25154	35063
24831	35064
24056	35065
21779	35066
21204	35067
22387	35068
25000	35069
24324	35070
23186	35071
22986	35072
23639	35073
25168	35074
23224	35075
22514	35076
24929	35077
22561	35078
23942	35079
23299	35080
25326	35081
22405	35082
25102	35083
22538	35084
25042	35085
25305	35086
21280	35087
24233	35088
24059	35089
22676	35090
23880	35091
22016	35092
23045	35093
24206	35094
24200	35095
23636	35096
21811	35097
23767	35098
22014	35099
22362	35100
21483	35101
22187	35102
22388	35103
25106	35104
22718	35105
21075	35106
23111	35107
22086	35108
23236	35109
25328	35110
23119	35111
25418	35112
23329	35113
21002	35114
22666	35115
22439	35116
25457	35117
24951	35118
23773	35119
24914	35120
22725	35121
22817	35122
22252	35123
23230	35124
24379	35125
24446	35126
22863	35127
22278	35128
24890	35129
24213	35130
25057	35131
25395	35132
21025	35133
23033	35134
23210	35135
25295	35136
24332	35137
22564	35138
24459	35139
21208	35140
24595	35141
25176	35142
21666	35143
22592	35144
24113	35145
22491	35146
24930	35147
22080	35148
22779	35149
24547	35150
22884	35151
24965	35152
23959	35153
22662	35154
21664	35155
21374	35156
23685	35157
22967	35158
24777	35159
21482	35160
22757	35161
24094	35162
23983	35163
21156	35164
22189	35165
23970	35166
21767	35167
21999	35168
23982	35169
25055	35170
23962	35171
24640	35172
22642	35173
21910	35174
21027	35175
25276	35176
22216	35177
23130	35178
22455	35179
22087	35180
23173	35181
25233	35182
21892	35183
22290	35184
25148	35185
23039	35186
23035	35187
23203	35188
21452	35189
22867	35190
25344	35191
25257	35192
25159	35193
23167	35194
21797	35195
21820	35196
23939	35197
23005	35198
21365	35199
23480	35200
24258	35201
21775	35202
25498	35203
23316	35204
24750	35205
24587	35206
21946	35207
25480	35208
23719	35209
24140	35210
23852	35211
22562	35212
21061	35213
24620	35214
24214	35215
25112	35216
23241	35217
23415	35218
21440	35219
24757	35220
23396	35221
22769	35222
24040	35223
22821	35224
21096	35225
22827	35226
24864	35227
24943	35228
22655	35229
22906	35230
21300	35231
24758	35232
23976	35233
22731	35234
24313	35235
22641	35236
23006	35237
24099	35238
25158	35239
24530	35240
21092	35241
21380	35242
24865	35243
25343	35244
22381	35245
24522	35246
23381	35247
21822	35248
25025	35249
25114	35250
22576	35251
22946	35252
24354	35253
23238	35254
22515	35255
24424	35256
23483	35257
24684	35258
23795	35259
22461	35260
22831	35261
22453	35262
22398	35263
23278	35264
24196	35265
21684	35266
23533	35267
25235	35268
23516	35269
23903	35270
25030	35271
22887	35272
22839	35273
22431	35274
23598	35275
24507	35276
22260	35277
23818	35278
25003	35279
25486	35280
24371	35281
22898	35282
23206	35283
24114	35284
25397	35285
21890	35286
25426	35287
24997	35288
25407	35289
23586	35290
22347	35291
23493	35292
24269	35293
25351	35294
22620	35295
24341	35296
23829	35297
24413	35298
23322	35299
23093	35300
24393	35301
22517	35302
21463	35303
24006	35304
24253	35305
23055	35306
25080	35307
22284	35308
23074	35309
21444	35310
21738	35311
21373	35312
24737	35313
23925	35314
24656	35315
21206	35316
22912	35317
23615	35318
25327	35319
25311	35320
21166	35321
22659	35322
21010	35323
24593	35324
24662	35325
23487	35326
21067	35327
23813	35328
23469	35329
24072	35330
25317	35331
22710	35332
21429	35333
24203	35334
21949	35335
21522	35336
21408	35337
22116	35338
23373	35339
21959	35340
21410	35341
21841	35342
23740	35343
21712	35344
23957	35345
24888	35346
23904	35347
25429	35348
21511	35349
22799	35350
25371	35351
23397	35352
22801	35353
24683	35354
21721	35355
22463	35356
24183	35357
22237	35358
22294	35359
21260	35360
24186	35361
24760	35362
22423	35363
25101	35364
21958	35365
24021	35366
24641	35367
24166	35368
21707	35369
22246	35370
24329	35371
24322	35372
24244	35373
23745	35374
21749	35375
22352	35376
23293	35377
22005	35378
24724	35379
24669	35380
25069	35381
21063	35382
23960	35383
25211	35384
21630	35385
25306	35386
25217	35387
24027	35388
22798	35389
25213	35390
21835	35391
23323	35392
23529	35393
23244	35394
24336	35395
24613	35396
22660	35397
22590	35398
25171	35399
24277	35400
24457	35401
23082	35402
21412	35403
21909	35404
21657	35405
23859	35406
24428	35407
21773	35408
21662	35409
24806	35410
25078	35411
22427	35412
24727	35413
23070	35414
24967	35415
23838	35416
22959	35417
24301	35418
24794	35419
21418	35420
23574	35421
23737	35422
23645	35423
23371	35424
23561	35425
23868	35426
24940	35427
25204	35428
23905	35429
25222	35430
25404	35431
23318	35432
23382	35433
23271	35434
23674	35435
21267	35436
21832	35437
24080	35438
22815	35439
23759	35440
25099	35441
21180	35442
21170	35443
22303	35444
21851	35445
21660	35446
22038	35447
24979	35448
21769	35449
21327	35450
22850	35451
21973	35452
24917	35453
24528	35454
23961	35455
25207	35456
24960	35457
23560	35458
22583	35459
21783	35460
21759	35461
23464	35462
21184	35463
23016	35464
24592	35465
22047	35466
25173	35467
23402	35468
23309	35469
24949	35470
25224	35471
24042	35472
22895	35473
21353	35474
23076	35475
21344	35476
21242	35477
23644	35478
22921	35479
24070	35480
22505	35481
23565	35482
21127	35483
25215	35484
21244	35485
24467	35486
22975	35487
23890	35488
21842	35489
21974	35490
23106	35491
23041	35492
23757	35493
23562	35494
21894	35495
24482	35496
23802	35497
24073	35498
24842	35499
25481	35500
22713	35501
24471	35502
22359	35503
23714	35504
23909	35505
23931	35506
21119	35507
23481	35508
22363	35509
21561	35510
25423	35511
23787	35512
23614	35513
24540	35514
23733	35515
23695	35516
23902	35517
22696	35518
23305	35519
22105	35520
24568	35521
25422	35522
25299	35523
21763	35524
24560	35525
23619	35526
22304	35527
23053	35528
24092	35529
24304	35530
22640	35531
25440	35532
21962	35533
23874	35534
21699	35535
21790	35536
22965	35537
24780	35538
23557	35539
21437	35540
23451	35541
21926	35542
21549	35543
21932	35544
23447	35545
23175	35546
25436	35547
24651	35548
23437	35549
23887	35550
23409	35551
24561	35552
22521	35553
24989	35554
23658	35555
21792	35556
24970	35557
25421	35558
23921	35559
23086	35560
21422	35561
24874	35562
22563	35563
22759	35564
23365	35565
21461	35566
24718	35567
24773	35568
22394	35569
25084	35570
22458	35571
24797	35572
21735	35573
22054	35574
22971	35575
24747	35576
23965	35577
24919	35578
21167	35579
21480	35580
24168	35581
22875	35582
22462	35583
23793	35584
23744	35585
25093	35586
23517	35587
22227	35588
21896	35589
22417	35590
22314	35591
21266	35592
24209	35593
21106	35594
21886	35595
21133	35596
21285	35597
23129	35598
21130	35599
22434	35600
21507	35601
25165	35602
24222	35603
24623	35604
22638	35605
23594	35606
23315	35607
22494	35608
22257	35609
22497	35610
22319	35611
23276	35612
24054	35613
24812	35614
21594	35615
21981	35616
23431	35617
21714	35618
21849	35619
22301	35620
21880	35621
21049	35622
24668	35623
22166	35624
24859	35625
21305	35626
22135	35627
22030	35628
21873	35629
23758	35630
24975	35631
24513	35632
21455	35633
23109	35634
23513	35635
22816	35636
24388	35637
24408	35638
24634	35639
22781	35640
23774	35641
21295	35642
22271	35643
21421	35644
25035	35645
22753	35646
24170	35647
24023	35648
23103	35649
25321	35650
21794	35651
24837	35652
25064	35653
24295	35654
25323	35655
24175	35656
22558	35657
25050	35658
23571	35659
24607	35660
22184	35661
25097	35662
22193	35663
21236	35664
25094	35665
22504	35666
24616	35667
21145	35668
25179	35669
23473	35670
23331	35671
22904	35672
22007	35673
21334	35674
24279	35675
25133	35676
25462	35677
22826	35678
21845	35679
23677	35680
24106	35681
24846	35682
23768	35683
22068	35684
21012	35685
21898	35686
21047	35687
24744	35688
21575	35689
25083	35690
22526	35691
23168	35692
21498	35693
21764	35694
23822	35695
21941	35696
21588	35697
25402	35698
24696	35699
24255	35700
21226	35701
21579	35702
22626	35703
21597	35704
24614	35705
21864	35706
23837	35707
24061	35708
21432	35709
24754	35710
22204	35711
25048	35712
21209	35713
24735	35714
24589	35715
22629	35716
24430	35717
24726	35718
21425	35719
23840	35720
24990	35721
23105	35722
22520	35723
22931	35724
23570	35725
22089	35726
21405	35727
24211	35728
24844	35729
21989	35730
22762	35731
22664	35732
25231	35733
21519	35734
21282	35735
24262	35736
21291	35737
25125	35738
24221	35739
23139	35740
22389	35741
21249	35742
24240	35743
22744	35744
25232	35745
21730	35746
21698	35747
21306	35748
22891	35749
25053	35750
24872	35751
24031	35752
25105	35753
24978	35754
21766	35755
23864	35756
23873	35757
22555	35758
24152	35759
23545	35760
24246	35761
24208	35762
23652	35763
22657	35764
21996	35765
24271	35766
21420	35767
23984	35768
22571	35769
22700	35770
24673	35771
24586	35772
25324	35773
23679	35774
23992	35775
23603	35776
23669	35777
21159	35778
22059	35779
24738	35780
22037	35781
21155	35782
21961	35783
22495	35784
21668	35785
22157	35786
24194	35787
22896	35788
25076	35789
24983	35790
22485	35791
24417	35792
25308	35793
22281	35794
23378	35795
22612	35796
22124	35797
22250	35798
22787	35799
25373	35800
22015	35801
25412	35802
24498	35803
22073	35804
25389	35805
21917	35806
22265	35807
24219	35808
24167	35809
22009	35810
21382	35811
23237	35812
22085	35813
25062	35814
23088	35815
22154	35816
24515	35817
23184	35818
24274	35819
21357	35820
23602	35821
21954	35822
21211	35823
21780	35824
24953	35825
21686	35826
22360	35827
21925	35828
21088	35829
23675	35830
24604	35831
21157	35832
22269	35833
22623	35834
25163	35835
23539	35836
21383	35837
23928	35838
22665	35839
25156	35840
22807	35841
24730	35842
23998	35843
23756	35844
24709	35845
22183	35846
22329	35847
25033	35848
21182	35849
21573	35850
24091	35851
24816	35852
21141	35853
21850	35854
23850	35855
21560	35856
21371	35857
24261	35858
23250	35859
23872	35860
21017	35861
24596	35862
22361	35863
21431	35864
25251	35865
24150	35866
24647	35867
24688	35868
23182	35869
24100	35870
24171	35871
21591	35872
21567	35873
21555	35874
21302	35875
23518	35876
22031	35877
24649	35878
23098	35879
23218	35880
21320	35881
21687	35882
24829	35883
23640	35884
21495	35885
23499	35886
25333	35887
24571	35888
23330	35889
21215	35890
25487	35891
23377	35892
21492	35893
24838	35894
25167	35895
24110	35896
24581	35897
23071	35898
23836	35899
21568	35900
24409	35901
23987	35902
25307	35903
24475	35904
23569	35905
21175	35906
24603	35907
23634	35908
22404	35909
24808	35910
22790	35911
24915	35912
24032	35913
24521	35914
23808	35915
21058	35916
24281	35917
22866	35918
24910	35919
21532	35920
24317	35921
23163	35922
23735	35923
24163	35924
22300	35925
21695	35926
23747	35927
24025	35928
24678	35929
21081	35930
22094	35931
21364	35932
21397	35933
24630	35934
23914	35935
21304	35936
22888	35937
25490	35938
24886	35939
21391	35940
25212	35941
21816	35942
21191	35943
23794	35944
23087	35945
22985	35946
23001	35947
22900	35948
25347	35949
25190	35950
23798	35951
25345	35952
22120	35953
25118	35954
23632	35955
23895	35956
24068	35957
25267	35958
23521	35959
24036	35960
24825	35961
22368	35962
25322	35963
23308	35964
24520	35965
21659	35966
22889	35967
22060	35968
24486	35969
22703	35970
25046	35971
22675	35972
23411	35973
21919	35974
23117	35975
21564	35976
22698	35977
23051	35978
21442	35979
21685	35980
24660	35981
22247	35982
25147	35983
25387	35984
25203	35985
23687	35986
21914	35987
24839	35988
21019	35989
23260	35990
23534	35991
23262	35992
23693	35993
21720	35994
21545	35995
23345	35996
23718	35997
21884	35998
24051	35999
23352	36000
23040	36001
24534	36002
25090	36003
22794	36004
23372	36005
22925	36006
22911	36007
22337	36008
23219	36009
22386	36010
23125	36011
21837	36012
22989	36013
24384	36014
21923	36015
24066	36016
23357	36017
21062	36018
24875	36019
25253	36020
25271	36021
24679	36022
22532	36023
22914	36024
24217	36025
23034	36026
21458	36027
24715	36028
25463	36029
21450	36030
21606	36031
24605	36032
21351	36033
22048	36034
21475	36035
23804	36036
25369	36037
21833	36038
22999	36039
21016	36040
21273	36041
23979	36042
21518	36043
21900	36044
24492	36045
24619	36046
23333	36047
23863	36048
22621	36049
21403	36050
25081	36051
23165	36052
22724	36053
21135	36054
23690	36055
21071	36056
24706	36057
24276	36058
24551	36059
21590	36060
25219	36061
22004	36062
21556	36063
23438	36064
21930	36065
22180	36066
21939	36067
21370	36068
21682	36069
25254	36070
21902	36071
22684	36072
23680	36073
23100	36074
22236	36075
23169	36076
23689	36077
24018	36078
22035	36079
22123	36080
23312	36081
24854	36082
21308	36083
21815	36084
24254	36085
22010	36086
25359	36087
21264	36088
24312	36089
21618	36090
21852	36091
23120	36092
22728	36093
24275	36094
25391	36095
21988	36096
24545	36097
22137	36098
24535	36099
22234	36100
21680	36101
24646	36102
22320	36103
23525	36104
21314	36105
25249	36106
25218	36107
24583	36108
25208	36109
21904	36110
24289	36111
21878	36112
23461	36113
24792	36114
21213	36115
21992	36116
25346	36117
22433	36118
24367	36119
22033	36120
21055	36121
24372	36122
21123	36123
24663	36124
21262	36125
24598	36126
22045	36127
24084	36128
24420	36129
23297	36130
23408	36131
22811	36132
21203	36133
22273	36134
23692	36135
21558	36136
24734	36137
22132	36138
23265	36139
24407	36140
24645	36141
23964	36142
25357	36143
22002	36144
23306	36145
23126	36146
23344	36147
21256	36148
22331	36149
23621	36150
23012	36151
21309	36152
23429	36153
21537	36154
23841	36155
24710	36156
22770	36157
22958	36158
25296	36159
24143	36160
23985	36161
22643	36162
22873	36163
24394	36164
22240	36165
24969	36166
22882	36167
25334	36168
22980	36169
24346	36170
24385	36171
24225	36172
24902	36173
24995	36174
25403	36175
24672	36176
24082	36177
24926	36178
21190	36179
21417	36180
23494	36181
21108	36182
21039	36183
24866	36184
24047	36185
24674	36186
25006	36187
24347	36188
25475	36189
23922	36190
24439	36191
24841	36192
22151	36193
24877	36194
24071	36195
23783	36196
23667	36197
22765	36198
24638	36199
22749	36200
25432	36201
23263	36202
21971	36203
24748	36204
21856	36205
25352	36206
22917	36207
24248	36208
22982	36209
24610	36210
23011	36211
21990	36212
22012	36213
23662	36214
21752	36215
24903	36216
25183	36217
21928	36218
23385	36219
24177	36220
25284	36221
22378	36222
22694	36223
24879	36224
24755	36225
22544	36226
23080	36227
22338	36228
22840	36229
23799	36230
22645	36231
21582	36232
22736	36233
21603	36234
22492	36235
21874	36236
22298	36237
23891	36238
22637	36239
21679	36240
23691	36241
21036	36242
22701	36243
21592	36244
25318	36245
24136	36246
22253	36247
24898	36248
22235	36249
22044	36250
23261	36251
21798	36252
24483	36253
25082	36254
24523	36255
25310	36256
23227	36257
25398	36258
22726	36259
25012	36260
21671	36261
23576	36262
24345	36263
21389	36264
25123	36265
22508	36266
25441	36267
22668	36268
23929	36269
21975	36270
25246	36271
23607	36272
22218	36273
25303	36274
21786	36275
21661	36276
22188	36277
22838	36278
24199	36279
23122	36280
24296	36281
22805	36282
21581	36283
25068	36284
24994	36285
24039	36286
23459	36287
21137	36288
24905	36289
23800	36290
25424	36291
21401	36292
24900	36293
22209	36294
25356	36295
21143	36296
21813	36297
23279	36298
24719	36299
21438	36300
24062	36301
24514	36302
24981	36303
23085	36304
22673	36305
21697	36306
22599	36307
21609	36308
21948	36309
22470	36310
25045	36311
21018	36312
21257	36313
25298	36314
24712	36315
23424	36316
25134	36317
23553	36318
23627	36319
23290	36320
24162	36321
23956	36322
21398	36323
24283	36324
22983	36325
24851	36326
23500	36327
23527	36328
23686	36329
25028	36330
25360	36331
24635	36332
22496	36333
23781	36334
24577	36335
21913	36336
21600	36337
22813	36338
21533	36339
22468	36340
23618	36341
23969	36342
21124	36343
24833	36344
25485	36345
23993	36346
22820	36347
24618	36348
23512	36349
22335	36350
22854	36351
23788	36352
24703	36353
23446	36354
24013	36355
25473	36356
24803	36357
22489	36358
23348	36359
25315	36360
24169	36361
21627	36362
22936	36363
21029	36364
22886	36365
24122	36366
23334	36367
21672	36368
25451	36369
24477	36370
24880	36371
24227	36372
21653	36373
25353	36374
24612	36375
25375	36376
23268	36377
25005	36378
24966	36379
24767	36380
24617	36381
24870	36382
22244	36383
22828	36384
24800	36385
23282	36386
24179	36387
24580	36388
21350	36389
21526	36390
22604	36391
22172	36392
22403	36393
22342	36394
24922	36395
22869	36396
23827	36397
24334	36398
24702	36399
24685	36400
24716	36401
22746	36402
23608	36403
24667	36404
25489	36405
21050	36406
24019	36407
21366	36408
21154	36409
23063	36410
24057	36411
21670	36412
23025	36413
22330	36414
24326	36415
21424	36416
23510	36417
23383	36418
23419	36419
22937	36420
23764	36421
22212	36422
23948	36423
23809	36424
24161	36425
22968	36426
22011	36427
21806	36428
23508	36429
24311	36430
22268	36431
24769	36432
22919	36433
21718	36434
21131	36435
25409	36436
23159	36437
24876	36438
24799	36439
21341	36440
21552	36441
21523	36442
22814	36443
21393	36444
25193	36445
21652	36446
23701	36447
23022	36448
22516	36449
22280	36450
25448	36451
25162	36452
23422	36453
21952	36454
22228	36455
25458	36456
23445	36457
23283	36458
22926	36459
24606	36460
22472	36461
23277	36462
23061	36463
23199	36464
21702	36465
25428	36466
22424	36467
24512	36468
21086	36469
24363	36470
21787	36471
25444	36472
25455	36473
23004	36474
21009	36475
21654	36476
21087	36477
23913	36478
24695	36479
23460	36480
24928	36481
22942	36482
22040	36483
24782	36484
21703	36485
25021	36486
21014	36487
22264	36488
23102	36489
22490	36490
21777	36491
24694	36492
21708	36493
23470	36494
21459	36495
24495	36496
25399	36497
21789	36498
22310	36499
24671	36500
23930	36501
21834	36502
22706	36503
22994	36504
23257	36505
21840	36506
21160	36507
22351	36508
24360	36509
23144	36510
23138	36511
25230	36512
22076	36513
22541	36514
24109	36515
23610	36516
24374	36517
22721	36518
22233	36519
21006	36520
21705	36521
22397	36522
25157	36523
24911	36524
25170	36525
22254	36526
21825	36527
21857	36528
25174	36529
23458	36530
23974	36531
24537	36532
25111	36533
22630	36534
24316	36535
24022	36536
22248	36537
24406	36538
24020	36539
22181	36540
21674	36541
24822	36542
24506	36543
23242	36544
23007	36545
23032	36546
23828	36547
23211	36548
24828	36549
22143	36550
22945	36551
21967	36552
22788	36553
23099	36554
24305	36555
23830	36556
22996	36557
22106	36558
23501	36559
25120	36560
22671	36561
23776	36562
21922	36563
24559	36564
21966	36565
22582	36566
23666	36567
23668	36568
21638	36569
21658	36570
23541	36571
24404	36572
23355	36573
22819	36574
23519	36575
23564	36576
23389	36577
23267	36578
21711	36579
25029	36580
24749	36581
21639	36582
22274	36583
23515	36584
22847	36585
22633	36586
22065	36587
23295	36588
22456	36589
22509	36590
22601	36591
24650	36592
22976	36593
23648	36594
25275	36595
22647	36596
21030	36597
23142	36598
24257	36599
22185	36600
23307	36601
24462	36602
22479	36603
21331	36604
23665	36605
22349	36606
21238	36607
21804	36608
21095	36609
24437	36610
22164	36611
23342	36612
22191	36613
24784	36614
21891	36615
25196	36616
22239	36617
21550	36618
23413	36619
24065	36620
22259	36621
25072	36622
23846	36623
24556	36624
24863	36625
23504	36626
25038	36627
22822	36628
21413	36629
24125	36630
21345	36631
21681	36632
24608	36633
23526	36634
25370	36635
23471	36636
22476	36637
25255	36638
24005	36639
24069	36640
24952	36641
23360	36642
23468	36643
21456	36644
23897	36645
23198	36646
25121	36647
24509	36648
21477	36649
23832	36650
23736	36651
23462	36652
21487	36653
21471	36654
21818	36655
24548	36656
24024	36657
22412	36658
21751	36659
22764	36660
24847	36661
21199	36662
23746	36663
24418	36664
22915	36665
23865	36666
24599	36667
25104	36668
22221	36669
21468	36670
25241	36671
22579	36672
25181	36673
22674	36674
22772	36675
24349	36676
25043	36677
24390	36678
23275	36679
24543	36680
21691	36681
22871	36682
24159	36683
23089	36684
21676	36685
23266	36686
22279	36687
21367	36688
21732	36689
23664	36690
21784	36691
22804	36692
24600	36693
24810	36694
21836	36695
22857	36696
22440	36697
24742	36698
21528	36699
24014	36700
22797	36701
24918	36702
21151	36703
22118	36704
23550	36705
24303	36706
23148	36707
25087	36708
22704	36709
23540	36710
22102	36711
25261	36712
21090	36713
21875	36714
23876	36715
25493	36716
22981	36717
23457	36718
22837	36719
23637	36720
21944	36721
24095	36722
22046	36723
23506	36724
21515	36725
25242	36726
22543	36727
21021	36728
24033	36729
24314	36730
24857	36731
24830	36732
24913	36733
21132	36734
23069	36735
21978	36736
23972	36737
24242	36738
23075	36739
22149	36740
24412	36741
23528	36742
24134	36743
22987	36744
24573	36745
22878	36746
21013	36747
21733	36748
22692	36749
22752	36750
25250	36751
23834	36752
21161	36753
21427	36754
24480	36755
22026	36756
23578	36757
22846	36758
24553	36759
24252	36760
21251	36761
22136	36762
22699	36763
24772	36764
23146	36765
22288	36766
24925	36767
24000	36768
21801	36769
25019	36770
25435	36771
22954	36772
21761	36773
23095	36774
23364	36775
23291	36776
24318	36777
22615	36778
23807	36779
25138	36780
23491	36781
22616	36782
24128	36783
22552	36784
24350	36785
24963	36786
22646	36787
22715	36788
23328	36789
22481	36790
23676	36791
23452	36792
22796	36793
25018	36794
22169	36795
24962	36796
21589	36797
23166	36798
23782	36799
23630	36800
21643	36801
24659	36802
23065	36803
25358	36804
22763	36805
22251	36806
24250	36807
25238	36808
24101	36809
25291	36810
24682	36811
23707	36812
24927	36813
24705	36814
22949	36815
22139	36816
23158	36817
21068	36818
22924	36819
22852	36820
25449	36821
25007	36822
21502	36823
24302	36824
25037	36825
23906	36826
22396	36827
21756	36828
21254	36829
21868	36830
22833	36831
23663	36832
22802	36833
22691	36834
24410	36835
24088	36836
24632	36837
24588	36838
24119	36839
24642	36840
23200	36841
24079	36842
22661	36843
22232	36844
24458	36845
22893	36846
22499	36847
24751	36848
23441	36849
22052	36850
24743	36851
23255	36852
21125	36853
24102	36854
24452	36855
23477	36856
21616	36857
22920	36858
24260	36859
25482	36860
24339	36861
22224	36862
23583	36863
23944	36864
24348	36865
22697	36866
22680	36867
23302	36868
22357	36869
22907	36870
23134	36871
23281	36872
21557	36873
21222	36874
24764	36875
25434	36876
24594	36877
24268	36878
23699	36879
23020	36880
21673	36881
24714	36882
24633	36883
22627	36884
25274	36885
23077	36886
25015	36887
24906	36888
21617	36889
23751	36890
21646	36891
25177	36892
24243	36893
21509	36894
23616	36895
22961	36896
21828	36897
21629	36898
23416	36899
24999	36900
23954	36901
21097	36902
21530	36903
21831	36904
23336	36905
21219	36906
22855	36907
24501	36908
21034	36909
23181	36910
21543	36911
22546	36912
22998	36913
24813	36914
23716	36915
25477	36916
23523	36917
23057	36918
21230	36919
22437	36920
22245	36921
24533	36922
22091	36923
21521	36924
25108	36925
24693	36926
23202	36927
22775	36928
25374	36929
24380	36930
22685	36931
21312	36932
24708	36933
22095	36934
21423	36935
21865	36936
22876	36937
23180	36938
23647	36939
24272	36940
21149	36941
22322	36942
21497	36943
24499	36944
21479	36945
21574	36946
23855	36947
24321	36948
24003	36949
22326	36950
24265	36951
23552	36952
23549	36953
23763	36954
21516	36955
24058	36956
22258	36957
24328	36958
23478	36959
25263	36960
21077	36961
22173	36962
25393	36963
24546	36964
21980	36965
25040	36966
21848	36967
24511	36968
23584	36969
22318	36970
25431	36971
25077	36972
23132	36973
21544	36974
21196	36975
22512	36976
24466	36977
23340	36978
25227	36979
23844	36980
24218	36981
25272	36982
24402	36983
21538	36984
21529	36985
25484	36986
23021	36987
21307	36988
24288	36989
22088	36990
23728	36991
24280	36992
24885	36993
24497	36994
24278	36995
24455	36996
22084	36997
24681	36998
23505	36999
23274	37000
24840	37001
21753	37002
25186	37003
25470	37004
23642	37005
22475	37006
22824	37007
22311	37008
24707	37009
25348	37010
22619	37011
24201	37012
25127	37013
22176	37014
24331	37015
21271	37016
22653	37017
24653	37018
22739	37019
23932	37020
25294	37021
22343	37022
25191	37023
24820	37024
23003	37025
23940	37026
23991	37027
21457	37028
23304	37029
22962	37030
23300	37031
24675	37032
25386	37033
22572	37034
24814	37035
23968	37036
22283	37037
23047	37038
21982	37039
21750	37040
24549	37041
25413	37042
21065	37043
23623	37044
24862	37045
22574	37046
24692	37047
23298	37048
22186	37049
24809	37050
21297	37051
24771	37052
23568	37053
21129	37054
21491	37055
24933	37056
21240	37057
21253	37058
23651	37059
24052	37060
21396	37061
22249	37062
21976	37063
22611	37064
21970	37065
22672	37066
23848	37067
23072	37068
24781	37069
23924	37070
22101	37071
23140	37072
23407	37073
24164	37074
22899	37075
22693	37076
24998	37077
24325	37078
23862	37079
22415	37080
24932	37081
21411	37082
21517	37083
21138	37084
23605	37085
21534	37086
23611	37087
23704	37088
23179	37089
22708	37090
22560	37091
22953	37092
23684	37093
24135	37094
25293	37095
25016	37096
24454	37097
21243	37098
25367	37099
21554	37100
22488	37101
22487	37102
21415	37103
21870	37104
23612	37105
22267	37106
23321	37107
24097	37108
21220	37109
23955	37110
23223	37111
22480	37112
23492	37113
22565	37114
21278	37115
25453	37116
21843	37117
24399	37118
24791	37119
23700	37120
21330	37121
23582	37122
21782	37123
24238	37124
23727	37125
24883	37126
21172	37127
23235	37128
23722	37129
23823	37130
21960	37131
21503	37132
24935	37133
22445	37134
25350	37135
21339	37136
22156	37137
21360	37138
24745	37139
23155	37140
22324	37141
25329	37142
21225	37143
22610	37144
21178	37145
23847	37146
21863	37147
23810	37148
22598	37149
23287	37150
24282	37151
21587	37152
21632	37153
21623	37154
23201	37155
24355	37156
25041	37157
21683	37158
21614	37159
21324	37160
24451	37161
23975	37162
22277	37163
22125	37164
24891	37165
22993	37166
21247	37167
21372	37168
21963	37169
24625	37170
24776	37171
23999	37172
21748	37173
23772	37174
24565	37175
23591	37176
24473	37177
23337	37178
23723	37179
22795	37180
22024	37181
21042	37182
25056	37183
24938	37184
22883	37185
25143	37186
22648	37187
21969	37188
21319	37189
23113	37190
22991	37191
24536	37192
22464	37193
24732	37194
22928	37195
22510	37196
24359	37197
23496	37198
21386	37199
24590	37200
22122	37201
25201	37202
22473	37203
21619	37204
25226	37205
21663	37206
22922	37207
24007	37208
21317	37209
22608	37210
21524	37211
22722	37212
22112	37213
24787	37214
22791	37215
25234	37216
21277	37217
24127	37218
24923	37219
22466	37220
25488	37221
25287	37222
23079	37223
23161	37224
22400	37225
24193	37226
24264	37227
23027	37228
22333	37229
23249	37230
25200	37231
22679	37232
25061	37233
22377	37234
23177	37235
24542	37236
21342	37237
25341	37238
25290	37239
22129	37240
22332	37241
23878	37242
22380	37243
21031	37244
25269	37245
21947	37246
21525	37247
22317	37248
23595	37249
22593	37250
23222	37251
21378	37252
21693	37253
24552	37254
22287	37255
24793	37256
21796	37257
21938	37258
21571	37259
22635	37260
24087	37261
21115	37262
21912	37263
21298	37264
21375	37265
21169	37266
25023	37267
24931	37268
25017	37269
25066	37270
23123	37271
24873	37272
21085	37273
24500	37274
22182	37275
21724	37276
21599	37277
23292	37278
22834	37279
22346	37280
24602	37281
24156	37282
23741	37283
21709	37284
24235	37285
21187	37286
21263	37287
23157	37288
21994	37289
21189	37290
21270	37291
22943	37292
23631	37293
22663	37294
22325	37295
24736	37296
21706	37297
22202	37298
24383	37299
21287	37300
22213	37301
23215	37302
24470	37303
21020	37304
21829	37305
24285	37306
21760	37307
22078	37308
23849	37309
22990	37310
24012	37311
21335	37312
21577	37313
25024	37314
25312	37315
24343	37316
22207	37317
21402	37318
24564	37319
23590	37320
23981	37321
21414	37322
23324	37323
23792	37324
25366	37325
24365	37326
24867	37327
22486	37328
23149	37329
23327	37330
22588	37331
23790	37332
24236	37333
21809	37334
23886	37335
21041	37336
22992	37337
24775	37338
22903	37339
22523	37340
23296	37341
21168	37342
24398	37343
24648	37344
23672	37345
23919	37346
21778	37347
24337	37348
24241	37349
23967	37350
24984	37351
22974	37352
23587	37353
23185	37354
24701	37355
24234	37356
22391	37357
24624	37358
21022	37359
24344	37360
25146	37361
24112	37362
22587	37363
23042	37364
21407	37365
23806	37366
22860	37367
21404	37368
21520	37369
25342	37370
23050	37371
22302	37372
22117	37373
23285	37374
24300	37375
22138	37376
23485	37377
23121	37378
24722	37379
23252	37380
24111	37381
22768	37382
22108	37383
23152	37384
23232	37385
23670	37386
23551	37387
22366	37388
22577	37389
23209	37390
25109	37391
22272	37392
21704	37393
24474	37394
24187	37395
21033	37396
24375	37397
23454	37398
23430	37399
22522	37400
21066	37401
21541	37402
25115	37403
24597	37404
22140	37405
22963	37406
23240	37407
23246	37408
23617	37409
24956	37410
23633	37411
24657	37412
21485	37413
21641	37414
23388	37415
24089	37416
23443	37417
25289	37418
21446	37419
21250	37420
22812	37421
22894	37422
23530	37423
24414	37424
21700	37425
22036	37426
23547	37427
24182	37428
21118	37429
21584	37430
21284	37431
22416	37432
22952	37433
23256	37434
22567	37435
21803	37436
24335	37437
21358	37438
21553	37439
24293	37440
22628	37441
25278	37442
23778	37443
23825	37444
21322	37445
22371	37446
21347	37447
22681	37448
21839	37449
24538	37450
22972	37451
23259	37452
21210	37453
24015	37454
22548	37455
22682	37456
22589	37457
24557	37458
23537	37459
22727	37460
24894	37461
23028	37462
23622	37463
21547	37464
25401	37465
21500	37466
24615	37467
21788	37468
23713	37469
24294	37470
21489	37471
22328	37472
25130	37473
24950	37474
22785	37475
21275	37476
23721	37477
25135	37478
23176	37479
22711	37480
21993	37481
22766	37482
21929	37483
21453	37484
25205	37485
21082	37486
21390	37487
24848	37488
22077	37489
24503	37490
25225	37491
23073	37492
25382	37493
23882	37494
23542	37495
21356	37496
21336	37497
22226	37498
22776	37499
22686	37500
23671	37501
24958	37502
22435	37503
25430	37504
21953	37505
24401	37506
24438	37507
22356	37508
22354	37509
24165	37510
21882	37511
23273	37512
21218	37513
23231	37514
24815	37515
22142	37516
21098	37517
25126	37518
24081	37519
25252	37520
23083	37521
21853	37522
24216	37523
22654	37524
21933	37525
23789	37526
25027	37527
23195	37528
25499	37529
24936	37530
22901	37531
23164	37532
22201	37533
24601	37534
23754	37535
22096	37536
25469	37537
24055	37538
25368	37539
24158	37540
23137	37541
22689	37542
24609	37543
22892	37544
24145	37545
24067	37546
23270	37547
21340	37548
22581	37549
21611	37550
22758	37551
22208	37552
24788	37553
24008	37554
23935	37555
22220	37556
24575	37557
24270	37558
23269	37559
23449	37560
23511	37561
22066	37562
22369	37563
23010	37564
23226	37565
21224	37566
22121	37567
24259	37568
24976	37569
23760	37570
24518	37571
23403	37572
24048	37573
22729	37574
23394	37575
21348	37576
23423	37577
22210	37578
23817	37579
24713	37580
23835	37581
24267	37582
24389	37583
24297	37584
25442	37585
25362	37586
23024	37587
24636	37588
21252	37589
23678	37590
21293	37591
21099	37592
22114	37593
22196	37594
25474	37595
24740	37596
24154	37597
22447	37598
24415	37599
22809	37600
21984	37601
21318	37602
23538	37603
23214	37604
22789	37605
25460	37606
21316	37607
24789	37608
25071	37609
25264	37610
23220	37611
25184	37612
23702	37613
23520	37614
22133	37615
21214	37616
24442	37617
24378	37618
23370	37619
24129	37620
23626	37621
23280	37622
24397	37623
23390	37624
22578	37625
22760	37626
25116	37627
22064	37628
21352	37629
25237	37630
24756	37631
23375	37632
22134	37633
24763	37634
21957	37635
23374	37636
24002	37637
22296	37638
23455	37639
24386	37640
23900	37641
21163	37642
25464	37643
24786	37644
21740	37645
25117	37646
21635	37647
24907	37648
21888	37649
21181	37650
21197	37651
23703	37652
21765	37653
21593	37654
24945	37655
23440	37656
23101	37657
22148	37658
21585	37659
23064	37660
25247	37661
25091	37662
22890	37663
24147	37664
24887	37665
22442	37666
24818	37667
21977	37668
23317	37669
21026	37670
23544	37671
21746	37672
22503	37673
24215	37674
23563	37675
23043	37676
25110	37677
23766	37678
22482	37679
25337	37680
21945	37681
25122	37682
23601	37683
24655	37684
25410	37685
24192	37686
25236	37687
21906	37688
25496	37689
22006	37690
24783	37691
22600	37692
22018	37693
22707	37694
25304	37695
25089	37696
23426	37697
24358	37698
23046	37699
22844	37700
21111	37701
24049	37702
22748	37703
25070	37704
22738	37705
21496	37706
24508	37707
21678	37708
22028	37709
22025	37710
22299	37711
21436	37712
23482	37713
22547	37714
25396	37715
22418	37716
22027	37717
22913	37718
25270	37719
21112	37720
21472	37721
23988	37722
21286	37723
21774	37724
24858	37725
23889	37726
24490	37727
24795	37728
23688	37729
24527	37730
21624	37731
22370	37732
22082	37733
23980	37734
22383	37735
23145	37736
25113	37737
25466	37738
21139	37739
24041	37740
23643	37741
23303	37742
24807	37743
24184	37744
21200	37745
22591	37746
22305	37747
23207	37748
22639	37749
21610	37750
21107	37751
24901	37752
21951	37753
24964	37754
23401	37755
22292	37756
25065	37757
23867	37758
23017	37759
24116	37760
21100	37761
24626	37762
24566	37763
24117	37764
22995	37765
23115	37766
24139	37767
21895	37768
24323	37769
21080	37770
22603	37771
22178	37772
23708	37773
25335	37774
21535	37775
21869	37776
22223	37777
24699	37778
22376	37779
23094	37780
23620	37781
22393	37782
23067	37783
23108	37784
23213	37785
21171	37786
25425	37787
24353	37788
22607	37789
24850	37790
21007	37791
23710	37792
25365	37793
24263	37794
23681	37795
25044	37796
21607	37797
25195	37798
23839	37799
24971	37800
24762	37801
21363	37802
21326	37803
25414	37804
23110	37805
21052	37806
25265	37807
22056	37808
22553	37809
22885	37810
23629	37811
21692	37812
24247	37813
23216	37814
23127	37815
22344	37816
23994	37817
22039	37818
22832	37819
22580	37820
21094	37821
25161	37822
24251	37823
22951	37824
21202	37825
22336	37826
23229	37827
24959	37828
24494	37829
21551	37830
25020	37831
22021	37832
23777	37833
22783	37834
22429	37835
22115	37836
21296	37837
24075	37838
23910	37839
21539	37840
23869	37841
25452	37842
22160	37843
23368	37844
21889	37845
21642	37846
22597	37847
22605	37848
21998	37849
22632	37850
23712	37851
21696	37852
21795	37853
22709	37854
22493	37855
22192	37856
21028	37857
24920	37858
25283	37859
22019	37860
25301	37861
23221	37862
23170	37863
25244	37864
24181	37865
21310	37866
25491	37867
24245	37868
21091	37869
21460	37870
25450	37871
25172	37872
23154	37873
21381	37874
22406	37875
24621	37876
23507	37877
23966	37878
24554	37879
24504	37880
22870	37881
21078	37882
24676	37883
21871	37884
21499	37885
24478	37886
21916	37887
23575	37888
22365	37889
24496	37890
23821	37891
23898	37892
24869	37893
21040	37894
22960	37895
23467	37896
25459	37897
23824	37898
23775	37899
22448	37900
25495	37901
23606	37902
23225	37903
22909	37904
22113	37905
23951	37906
25332	37907
24115	37908
21719	37909
21647	37910
21349	37911
25383	37912
21510	37913
23420	37914
23833	37915
23853	37916
23358	37917
21648	37918
22829	37919
22419	37920
22170	37921
21715	37922
21104	37923
21073	37924
21332	37925
24752	37926
22650	37927
25139	37928
25075	37929
23196	37930
21488	37931
24461	37932
24778	37933
25492	37934
23332	37935
21376	37936
23509	37937
25339	37938
24204	37939
22312	37940
25153	37941
23986	37942
21198	37943
21126	37944
23380	37945
21559	37946
22436	37947
22634	37948
24988	37949
21505	37950
24029	37951
23386	37952
22690	37953
23391	37954
24197	37955
21601	37956
25129	37957
21478	37958
24541	37959
21074	37960
24622	37961
22256	37962
21255	37963
21512	37964
24611	37965
22825	37966
22049	37967
22594	37968
24853	37969
21927	37970
21634	37971
24416	37972
25259	37973
23879	37974
21205	37975
25472	37976
21136	37977
22808	37978
21701	37979
23732	37980
23734	37981
22126	37982
24107	37983
23313	37984
24472	37985
23436	37986
24426	37987
21621	37988
24086	37989
22609	37990
24121	37991
24977	37992
22957	37993
23427	37994
21194	37995
23286	37996
23697	37997
21465	37998
24658	37999
24572	38000
21858	38001
22970	38002
24356	38003
21531	38004
21451	38005
21274	38006
25009	38007
25132	38008
22430	38009
22262	38010
24505	38011
21490	38012
24131	38013
23765	38014
21631	38015
21346	38016
22741	38017
21288	38018
22128	38019
21146	38020
21185	38021
21004	38022
21799	38023
21527	38024
23705	38025
21269	38026
22411	38027
21416	38028
21235	38029
23593	38030
23212	38031
24698	38032
25164	38033
21985	38034
24804	38035
24190	38036
22761	38037
22719	38038
22566	38039
23938	38040
21079	38041
24319	38042
21800	38043
24369	38044
21265	38045
22528	38046
25141	38047
22168	38048
22622	38049
24585	38050
22750	38051
24450	38052
24224	38053
22800	38054
24445	38055
24904	38056
23178	38057
24045	38058
21734	38059
24026	38060
22449	38061
25010	38062
25004	38063
25002	38064
22067	38065
23118	38066
23059	38067
23363	38068
21377	38069
23097	38070
23599	38071
23937	38072
22426	38073
24661	38074
25223	38075
24955	38076
22358	38077
24896	38078
25197	38079
25169	38080
21867	38081
23589	38082
23635	38083
23761	38084
23062	38085
25273	38086
23410	38087
23646	38088
22988	38089
24434	38090
21246	38091
22625	38092
21628	38093
24202	38094
22222	38095
21903	38096
22723	38097
22422	38098
21076	38099
22956	38100
23147	38101
21921	38102
22902	38103
24827	38104
21430	38105
23656	38106
23857	38107
24351	38108
22041	38109
23474	38110
25380	38111
21669	38112
25152	38113
21162	38114
25014	38115
21435	38116
22374	38117
22275	38118
23015	38119
23572	38120
21717	38121
22150	38122
21188	38123
21566	38124
21122	38125
24759	38126
21620	38127
23359	38128
21303	38129
23990	38130
21072	38131
22071	38132
25119	38133
22872	38134
25189	38135
24449	38136
21713	38137
22644	38138
23421	38139
21677	38140
25406	38141
21325	38142
25240	38143
24774	38144
21754	38145
22507	38146
21605	38147
24836	38148
21248	38149
21983	38150
22586	38151
23801	38152
23883	38153
23596	38154
25364	38155
22477	38156
21134	38157
24188	38158
23706	38159
21024	38160
23683	38161
21651	38162
21164	38163
21217	38164
24670	38165
22367	38166
24939	38167
21872	38168
21060	38169
23559	38170
25300	38171
21901	38172
22905	38173
22261	38174
21731	38175
22379	38176
22969	38177
24423	38178
22200	38179
22111	38180
21484	38181
23112	38182
24725	38183
23239	38184
22230	38185
22527	38186
23842	38187
25256	38188
25330	38189
24700	38190
24796	38191
23160	38192
21546	38193
21493	38194
22557	38195
22740	38196
23156	38197
25262	38198
22438	38199
24937	38200
25142	38201
23116	38202
21426	38203
24180	38204
24574	38205
24665	38206
25288	38207
24144	38208
21261	38209
22678	38210
23709	38211
22119	38212
23339	38213
23153	38214
23023	38215
24987	38216
22777	38217
21328	38218
22848	38219
24868	38220
24090	38221
22165	38222
23204	38223
25405	38224
22677	38225
23338	38226
22229	38227
21736	38228
23661	38229
22171	38230
21645	38231
23592	38232
23811	38233
22243	38234
21576	38235
24821	38236
25128	38237
22190	38238
21644	38239
24582	38240
23193	38241
23354	38242
23479	38243
23247	38244
24370	38245
23248	38246
21915	38247
21419	38248
23014	38249
22313	38250
22295	38251
22042	38252
21409	38253
23448	38254
24779	38255
21140	38256
25166	38257
23803	38258
23107	38259
24909	38260
21862	38261
25445	38262
21596	38263
21321	38264
22392	38265
24845	38266
22454	38267
22568	38268
25107	38269
23272	38270
22414	38271
24860	38272
21114	38273
21501	38274
23172	38275
23068	38276
25198	38277
23771	38278
23638	38279
24076	38280
22933	38281
22205	38282
23124	38283
22823	38284
23150	38285
25355	38286
21315	38287
21726	38288
25073	38289
22845	38290
21153	38291
22408	38292
22658	38293
22460	38294
23013	38295
24717	38296
24680	38297
24044	38298
23243	38299
25316	38300
25058	38301
24011	38302
22754	38303
23918	38304
24205	38305
21231	38306
23037	38307
22413	38308
23090	38309
24941	38310
23038	38311
21051	38312
22131	38313
22110	38314
21279	38315
22940	38316
23335	38317
23717	38318
24517	38319
23465	38320
25022	38321
22099	38322
24291	38323
24138	38324
24711	38325
24210	38326
23573	38327
23963	38328
22307	38329
22955	38330
22147	38331
23558	38332
22074	38333
23162	38334
23514	38335
21228	38336
25063	38337
23133	38338
23567	38339
23264	38340
22457	38341
21069	38342
23251	38343
25098	38344
24453	38345
24315	38346
22478	38347
23907	38348
21481	38349
22034	38350
25047	38351
25243	38352
21741	38353
22104	38354
22452	38355
24178	38356
24761	38357
24249	38358
23036	38359
24064	38360
21758	38361
22093	38362
22097	38363
22714	38364
23941	38365
25415	38366
21757	38367
21439	38368
22446	38369
24173	38370
24479	38371
23945	38372
22195	38373
21817	38374
21785	38375
21716	38376
24861	38377
21233	38378
21821	38379
24843	38380
24037	38381
23877	38382
24352	38383
23546	38384
25297	38385
21887	38386
25388	38387
24185	38388
24849	38389
24628	38390
23000	38391
22918	38392
22270	38393
21508	38394
22350	38395
23769	38396
23131	38397
23326	38398
22530	38399
23927	38400
23854	38401
21866	38402
25248	38403
21333	38404
23780	38405
23497	38406
25131	38407
22323	38408
21824	38409
22306	38410
25419	38411
23856	38412
22938	38413
21001	38414
24226	38415
22063	38416
21476	38417
23044	38418
23432	38419
22465	38420
24942	38421
23936	38422
23428	38423
22153	38424
23946	38425
21885	38426
24993	38427
25160	38428
23392	38429
23923	38430
24802	38431
21802	38432
24435	38433
24440	38434
24396	38435
23091	38436
24361	38437
21113	38438
23433	38439
23579	38440
23762	38441
21212	38442
23228	38443
21464	38444
21084	38445
21838	38446
21467	38447
25277	38448
22636	38449
23934	38450
23084	38451
22364	38452
22858	38453
23197	38454
23724	38455
24986	38456
21313	38457
24220	38458
22206	38459
21755	38460
22806	38461
24974	38462
22484	38463
22162	38464
25039	38465
21394	38466
23899	38467
22756	38468
22792	38469
23920	38470
22518	38471
21675	38472
23641	38473
23784	38474
23892	38475
23078	38476
22159	38477
21148	38478
24934	38479
25394	38480
24287	38481
25095	38482
24403	38483
23655	38484
22075	38485
22881	38486
21937	38487
23989	38488
24083	38489
24563	38490
23400	38491
24529	38492
24441	38493
23058	38494
25188	38495
21570	38496
21689	38497
23171	38498
21650	38499
22023	38500
24524	38501
21608	38502
22079	38503
23049	38504
24824	38505
23346	38506
22535	38507
25245	38508
23194	38509
23893	38510
21812	38511
25379	38512
22856	38513
22444	38514
21369	38515
24310	38516
23779	38517
24819	38518
24785	38519
24878	38520
23288	38521
22973	38522
24973	38523
24306	38524
23384	38525
24411	38526
24558	38527
21121	38528
24468	38529
22897	38530
23650	38531
22081	38532
23696	38533
22782	38534
25228	38535
21048	38536
24123	38537
21486	38538
22092	38539
24001	38540
22939	38541
23860	38542
24330	38543
21586	38544
21359	38545
23814	38546
24427	38547
23742	38548
22373	38549
25282	38550
23019	38551
24766	38552
22502	38553
25136	38554
21548	38555
24721	38556
23726	38557
25034	38558
25187	38559
22613	38560
24060	38561
25281	38562
24562	38563
22877	38564
23738	38565
24436	38566
24731	38567
23996	38568
21192	38569
22780	38570
22712	38571
24801	38572
22743	38573
23136	38574
23815	38575
22382	38576
22070	38577
25417	38578
21223	38579
23217	38580
23060	38581
21179	38582
25124	38583
22652	38584
24502	38585
23755	38586
23406	38587
23770	38588
22667	38589
22880	38590
24266	38591
23752	38592
22401	38593
24229	38594
24077	38595
23971	38596
23556	38597
24690	38598
25216	38599
22103	38600
21142	38601
24046	38602
22242	38603
21956	38604
21936	38605
21043	38606
21934	38607
24142	38608
25086	38609
21893	38610
24741	38611
21083	38612
22879	38613
21861	38614
24016	38615
23205	38616
23532	38617
24191	38618
24817	38619
21046	38620
24273	38621
24298	38622
22624	38623
22282	38624
23489	38625
25229	38626
24034	38627
22984	38628
24017	38629
21729	38630
24947	38631
23952	38632
22536	38633
24961	38634
23128	38635
25325	38636
23580	38637
21972	38638
23488	38639
24307	38640
25151	38641
24195	38642
21942	38643
23435	38644
23682	38645
25411	38646
24570	38647
23096	38648
24124	38649
22950	38650
24893	38651
25433	38652
25140	38653
21908	38654
22061	38655
23442	38656
21000	38657
23555	38658
25192	38659
24342	38660
23031	38661
21924	38662
24290	38663
24010	38664
21997	38665
22402	38666
23192	38667
22198	38668
24884	38669
23750	38670
22927	38671
21819	38672
23949	38673
21053	38674
22017	38675
21625	38676
22720	38677
23048	38678
21292	38679
21447	38680
23114	38681
23018	38682
22702	38683
25468	38684
24921	38685
24908	38686
22687	38687
25092	38688
21899	38689
25447	38690
23536	38691
25221	38692
22069	38693
21245	38694
24004	38695
24333	38696
22830	38697
23785	38698
23495	38699
24790	38700
22793	38701
23393	38702
24207	38703
23472	38704
24460	38705
23490	38706
24232	38707
24892	38708
23434	38709
21473	38710
24284	38711
21272	38712
21722	38713
24476	38714
22606	38715
24431	38716
24882	38717
23425	38718
21744	38719
21165	38720
25100	38721
21504	38722
24526	38723
23711	38724
25032	38725
25320	38726
22542	38727
21807	38728
24444	38729
22285	38730
21355	38731
21883	38732
24567	38733
22421	38734
21101	38735
21578	38736
23405	38737
24009	38738
25210	38739
24834	38740
25268	38741
25349	38742
22977	38743
22978	38744
21844	38745
24364	38746
23748	38747
21743	38748
24133	38749
23566	38750
23826	38751
21045	38752
22410	38753
22997	38754
22695	38755
23997	38756
21772	38757
21506	38758
24327	38759
22944	38760
24381	38761
22617	38762
22167	38763
23444	38764
22733	38765
23502	38766
21595	38767
22737	38768
23729	38769
21771	38770
22219	38771
22916	38772
21649	38773
24652	38774
22179	38775
22534	38776
21385	38777
22851	38778
22050	38779
21540	38780
24516	38781
23739	38782
24489	38783
24149	38784
22146	38785
23625	38786
25392	38787
22450	38788
25381	38789
23188	38790
24591	38791
23463	38792
24433	38793
24035	38794
23995	38795
21195	38796
24493	38797
23597	38798
21770	38799
23604	38800
21207	38801
21241	38802
24148	38803
21665	38804
24946	38805
24030	38806
23143	38807
23174	38808
21918	38809
25260	38810
22327	38811
21846	38812
24532	38813
21667	38814
22859	38815
24637	38816
22732	38817
22469	38818
22022	38819
25476	38820
24432	38821
22500	38822
23314	38823
23362	38824
24485	38825
24130	38826
24823	38827
25314	38828
21023	38829
21035	38830
21602	38831
24733	38832
21987	38833
23786	38834
21105	38835
24985	38836
23628	38837
23361	38838
25285	38839
21986	38840
24569	38841
22596	38842
21384	38843
22355	38844
23183	38845
23456	38846
25446	38847
25467	38848
22669	38849
22631	38850
21728	38851
22145	38852
22550	38853
23659	38854
23289	38855
21443	38856
25465	38857
23301	38858
21227	38859
25060	38860
21128	38861
24481	38862
23912	38863
22498	38864
21950	38865
23404	38866
25194	38867
25144	38868
22767	38869
25011	38870
23503	38871
25049	38872
24720	38873
24912	38874
25088	38875
23888	38876
22432	38877
21745	38878
21193	38879
23417	38880
22341	38881
24137	38882
22345	38883
23141	38884
23816	38885
24487	38886
21176	38887
24510	38888
21776	38889
24093	38890
23030	38891
23820	38892
24160	38893
25378	38894
23791	38895
21911	38896
22309	38897
21793	38898
22602	38899
25416	38900
24677	38901
25376	38902
24176	38903
21474	38904
21808	38905
21604	38906
21613	38907
22932	38908
23008	38909
21935	38910
21434	38911
25074	38912
21387	38913
22529	38914
21494	38915
21299	38916
22384	38917
24948	38918
23609	38919
21449	38920
24579	38921
24578	38922
24256	38923
24376	38924
22174	38925
22474	38926
21690	38927
21015	38928
25103	38929
23649	38930
21920	38931
22501	38932
21879	38933
25145	38934
24654	38935
25479	38936
22551	38937
24382	38938
25443	38939
24871	38940
25385	38941
23916	38942
24395	38943
21827	38944
24230	38945
25439	38946
21626	38947
24120	38948
21462	38949
22947	38950
21400	38951
22425	38952
21965	38953
25185	38954
21044	38955
25478	38956
21445	38957
22276	38958
22519	38959