22532	35154
21901	35155
24712	35156
23663	35157
21061	35158
22909	35159
23689	35160
23502	35161
25007	35162
23495	35163
22562	35164
25003	35165
22534	35166
21351	35167
24638	35168
25489	35169
25016	35170
22597	35171
21192	35172
22171	35173
24830	35174
22457	35175
22725	35176
24259	35177
21915	35178
22024	35179
24523	35180
24227	35181
21587	35182
25072	35183
21148	35184
24357	35185
24883	35186
22495	35187
21927	35188
24046	35189
24454	35190
21795	35191
22386	35192
23073	35193
22707	35194
21933	35195
24753	35196
23474	35197
23046	35198
22356	35199
22948	35200
22333	35201
25162	35202
23867	35203
21180	35204
23407	35205
24565	35206
24954	35207
23657	35208
22395	35209
24742	35210
24405	35211
23333	35212
22787	35213
23216	35214
22323	35215
23134	35216
21106	35217
22200	35218
21584	35219
23368	35220
22349	35221
24916	35222
22686	35223
21141	35224
24428	35225
22117	35226
24852	35227
23066	35228
24601	35229
22287	35230
25289	35231
24127	35232
23101	35233
23029	35234
25205	35235
22537	35236
25276	35237
23899	35238
22250	35239
21703	35240
21424	35241
21935	35242
22747	35243
21201	35244
25018	35245
25438	35246
22730	35247
25225	35248
23729	35249
22143	35250
22708	35251
22336	35252
25423	35253
25335	35254
23737	35255
22503	35256
23712	35257
22255	35258
22101	35259
23789	35260
23289	35261
21650	35262
25319	35263
21623	35264
24760	35265
22647	35266
21472	35267
22420	35268
22309	35269
23396	35270
22477	35271
21538	35272
22896	35273
22726	35274
23075	35275
25064	35276
21734	35277
21119	35278
22633	35279
24306	35280
25288	35281
21897	35282
21299	35283
22185	35284
23173	35285
22596	35286
23195	35287
25117	35288
24417	35289
24773	35290
21660	35291
22804	35292
21698	35293
21054	35294
23211	35295
24899	35296
24589	35297
21445	35298
22625	35299
21242	35300
21463	35301
21976	35302
21285	35303
24844	35304
23632	35305
22315	35306
22443	35307
22886	35308
22496	35309
24202	35310
21479	35311
22749	35312
23022	35313
22995	35314
24374	35315
25061	35316
23661	35317
23561	35318
25074	35319
22389	35320
22035	35321
21174	35322
22205	35323
25189	35324
22256	35325
22433	35326
22283	35327
24725	35328
21391	35329
22189	35330
22608	35331
21747	35332
21231	35333
21410	35334
25431	35335
22696	35336
22334	35337
21005	35338
24868	35339
23898	35340
24398	35341
21871	35342
22413	35343
22692	35344
21578	35345
23006	35346
21877	35347
22246	35348
23520	35349
24623	35350
24947	35351
21761	35352
22979	35353
25278	35354
24553	35355
21664	35356
24256	35357
24339	35358
21132	35359
24138	35360
21047	35361
22722	35362
24029	35363
23875	35364
25013	35365
23989	35366
22683	35367
23670	35368
23961	35369
21526	35370
24143	35371
22824	35372
22671	35373
24945	35374
24790	35375
22969	35376
21135	35377
24804	35378
25097	35379
21905	35380
22731	35381
24738	35382
24467	35383
21236	35384
24998	35385
22097	35386
24684	35387
22781	35388
21032	35389
21332	35390
21490	35391
23646	35392
22407	35393
24071	35394
21577	35395
25247	35396
23570	35397
22796	35398
25146	35399
21287	35400
21537	35401
23718	35402
24187	35403
24047	35404
21177	35405
21842	35406
22867	35407
23307	35408
24435	35409
22673	35410
22661	35411
24536	35412
23069	35413
25271	35414
25100	35415
22694	35416
22478	35417
25139	35418
22508	35419
23752	35420
21796	35421
23238	35422
21900	35423
24682	35424
23043	35425
23915	35426
24703	35427
24243	35428
25037	35429
25494	35430
23014	35431
23191	35432
24925	35433
24941	35434
21322	35435
21358	35436
25434	35437
25185	35438
21773	35439
21809	35440
22988	35441
22518	35442
21975	35443
21591	35444
25081	35445
22485	35446
23427	35447
21568	35448
22119	35449
21710	35450
24997	35451
24662	35452
21225	35453
23943	35454
21477	35455
25152	35456
22474	35457
22259	35458
21101	35459
21889	35460
21495	35461
21233	35462
23719	35463
24144	35464
25327	35465
21635	35466
24781	35467
21205	35468
21300	35469
21916	35470
24736	35471
25428	35472
24296	35473
22743	35474
24242	35475
23503	35476
23196	35477
22588	35478
24337	35479
21019	35480
22850	35481
24957	35482
21297	35483
21724	35484
23675	35485
24353	35486
22342	35487
22044	35488
21612	35489
22020	35490
24399	35491
21435	35492
25354	35493
21052	35494
22623	35495
21507	35496
22906	35497
24637	35498
22705	35499
21027	35500
22213	35501
23033	35502
21376	35503
23510	35504
23773	35505
23374	35506
21814	35507
22182	35508
22429	35509
21037	35510
22037	35511
24139	35512
22611	35513
22880	35514
23438	35515
23991	35516
21888	35517
24770	35518
23713	35519
21737	35520
24130	35521
22790	35522
24051	35523
21606	35524
21232	35525
24858	35526
21305	35527
24422	35528
21028	35529
25499	35530
23366	35531
24833	35532
25480	35533
21447	35534
22318	35535
25419	35536
24039	35537
22506	35538
24352	35539
25111	35540
25157	35541
23147	35542
24592	35543
23964	35544
25010	35545
22057	35546
21946	35547
24663	35548
21455	35549
21596	35550
21760	35551
22360	35552
21564	35553
23543	35554
24057	35555
25386	35556
23739	35557
24648	35558
22688	35559
23165	35560
21074	35561
21837	35562
21063	35563
24796	35564
24198	35565
21218	35566
25341	35567
24843	35568
24986	35569
21582	35570
24373	35571
22121	35572
23269	35573
23681	35574
24835	35575
24064	35576
22635	35577
21765	35578
23994	35579
24576	35580
23290	35581
23146	35582
23907	35583
22338	35584
23303	35585
24481	35586
23834	35587
21543	35588
23749	35589
22063	35590
22352	35591
24291	35592
25203	35593
23535	35594
24966	35595
22794	35596
23144	35597
24036	35598
22533	35599
24083	35600
22236	35601
23702	35602
22586	35603
23188	35604
24271	35605
22140	35606
21151	35607
21154	35608
23990	35609
21598	35610
25166	35611
21931	35612
21846	35613
24199	35614
22701	35615
23207	35616
22504	35617
25108	35618
24087	35619
22962	35620
24685	35621
23868	35622
22002	35623
24472	35624
24817	35625
21323	35626
23041	35627
24416	35628
21395	35629
23513	35630
21137	35631
21475	35632
25125	35633
23294	35634
23542	35635
23142	35636
23664	35637
24102	35638
22737	35639
22628	35640
21784	35641
22542	35642
25048	35643
21801	35644
22475	35645
21850	35646
23403	35647
21706	35648
21681	35649
23993	35650
25380	35651
23420	35652
24390	35653
22994	35654
21072	35655
21041	35656
22892	35657
23217	35658
24424	35659
21291	35660
21263	35661
25274	35662
23785	35663
21998	35664
22261	35665
25113	35666
23348	35667
23926	35668
24268	35669
22327	35670
22942	35671
24580	35672
24470	35673
23667	35674
22379	35675
22065	35676
22066	35677
21155	35678
24141	35679
22016	35680
23473	35681
23541	35682
24174	35683
24183	35684
23683	35685
21967	35686
24711	35687
24560	35688
23647	35689
22844	35690
21977	35691
23072	35692
24257	35693
24447	35694
23551	35695
24769	35696
23659	35697
23981	35698
23316	35699
21440	35700
24726	35701
24360	35702
22047	35703
25443	35704
21352	35705
23293	35706
22091	35707
22570	35708
25046	35709
22502	35710
23183	35711
24989	35712
25174	35713
25119	35714
22234	35715
21630	35716
21452	35717
24150	35718
23334	35719
22684	35720
24068	35721
22267	35722
24035	35723
23555	35724
23798	35725
23678	35726
22483	35727
21122	35728
21487	35729
21833	35730
25309	35731
22745	35732
24288	35733
23140	35734
22552	35735
23497	35736
23585	35737
25238	35738
21015	35739
24915	35740
22555	35741
23255	35742
24867	35743
25106	35744
22263	35745
22155	35746
22126	35747
24641	35748
22312	35749
22326	35750
24732	35751
21039	35752
24995	35753
23446	35754
24437	35755
23422	35756
23223	35757
21691	35758
23623	35759
21647	35760
21599	35761
23080	35762
25083	35763
23448	35764
22989	35765
21105	35766
24463	35767
22720	35768
23508	35769
21493	35770
24751	35771
25324	35772
23848	35773
24978	35774
22827	35775
25161	35776
24336	35777
22388	35778
21442	35779
21057	35780
23956	35781
21145	35782
23844	35783
23132	35784
21534	35785
24503	35786
24366	35787
23522	35788
23018	35789
22531	35790
22946	35791
23660	35792
24368	35793
21938	35794
23793	35795
21979	35796
23619	35797
25250	35798
21827	35799
22324	35800
21446	35801
22373	35802
23559	35803
22464	35804
22196	35805
23013	35806
23837	35807
22279	35808
25034	35809
23218	35810
21920	35811
23179	35812
21674	35813
21862	35814
23488	35815
24772	35816
25481	35817
21348	35818
24932	35819
21903	35820
24431	35821
23854	35822
21817	35823
24085	35824
22849	35825
24239	35826
23996	35827
21615	35828
23456	35829
24320	35830
21327	35831
24649	35832
25230	35833
24466	35834
24224	35835
22652	35836
23167	35837
22050	35838
21156	35839
21994	35840
24846	35841
25315	35842
22736	35843
24146	35844
22249	35845
21026	35846
24865	35847
24004	35848
24097	35849
24420	35850
25049	35851
24582	35852
24230	35853
21124	35854
24875	35855
23708	35856
24792	35857
24807	35858
21060	35859
22434	35860
23365	35861
21762	35862
25398	35863
24433	35864
23012	35865
22774	35866
25426	35867
23459	35868
21342	35869
21392	35870
23490	35871
21811	35872
23735	35873
21908	35874
25123	35875
23778	35876
24203	35877
22186	35878
21793	35879
21261	35880
21378	35881
23566	35882
21719	35883
23696	35884
24691	35885
23998	35886
22290	35887
25281	35888
24006	35889
24874	35890
23940	35891
21675	35892
22797	35893
25254	35894
21840	35895
25211	35896
22883	35897
21535	35898
21254	35899
23493	35900
25414	35901
24286	35902
25364	35903
21345	35904
23060	35905
25220	35906
24934	35907
22578	35908
24164	35909
21791	35910
21712	35911
23016	35912
22114	35913
24180	35914
22242	35915
21228	35916
21454	35917
21414	35918
25455	35919
24261	35920
24002	35921
24080	35922
22322	35923
24177	35924
23449	35925
24214	35926
21984	35927
25009	35928
21010	35929
24841	35930
23130	35931
23748	35932
23881	35933
22284	35934
23751	35935
23187	35936
25094	35937
23516	35938
21990	35939
25252	35940
24011	35941
24602	35942
25393	35943
21404	35944
21880	35945
25023	35946
24413	35947
24884	35948
22801	35949
24566	35950
25355	35951
22500	35952
22894	35953
24749	35954
22447	35955
21781	35956
25149	35957
23064	35958
21688	35959
24788	35960
24170	35961
22262	35962
21253	35963
23257	35964
24798	35965
21926	35966
22558	35967
21834	35968
23565	35969
21237	35970
23388	35971
23242	35972
24324	35973
21411	35974
23250	35975
23786	35976
22033	35977
22253	35978
23652	35979
22294	35980
24786	35981
21460	35982
21081	35983
23264	35984
22416	35985
23105	35986
22734	35987
24484	35988
24005	35989
23210	35990
21029	35991
24319	35992
25466	35993
23532	35994
22931	35995
25346	35996
21042	35997
22345	35998
22715	35999
21749	36000
25135	36001
25349	36002
24465	36003
25077	36004
22890	36005
25056	36006
25462	36007
23581	36008
25263	36009
24768	36010
25178	36011
23312	36012
22885	36013
21191	36014
22780	36015
23851	36016
24179	36017
22095	36018
23978	36019
21338	36020
21147	36021
21828	36022
24212	36023
24401	36024
22795	36025
21720	36026
23517	36027
21704	36028
23070	36029
24862	36030
23921	36031
21251	36032
24407	36033
23487	36034
23369	36035
21453	36036
21464	36037
24958	36038
21437	36039
24988	36040
21270	36041
25014	36042
25126	36043
23475	36044
25284	36045
23007	36046
23292	36047
22414	36048
21208	36049
23260	36050
21462	36051
23715	36052
25253	36053
24309	36054
25243	36055
23959	36056
24720	36057
21127	36058
23100	36059
23254	36060
24655	36061
23445	36062
25429	36063
21280	36064
21930	36065
21554	36066
23973	36067
22090	36068
23099	36069
22224	36070
24853	36071
22713	36072
24543	36073
21008	36074
21441	36075
23774	36076
21960	36077
21854	36078
23758	36079
22675	36080
22203	36081
21551	36082
25427	36083
21295	36084
23874	36085
23814	36086
21545	36087
24397	36088
23876	36089
22650	36090
21813	36091
23376	36092
22981	36093
21309	36094
25040	36095
21581	36096
24811	36097
24756	36098
24900	36099
23546	36100
22272	36101
23430	36102
25362	36103
22975	36104
23640	36105
25204	36106
21512	36107
21626	36108
23198	36109
22916	36110
22308	36111
22068	36112
24167	36113
21805	36114
21505	36115
22932	36116
22419	36117
25486	36118
24248	36119
21001	36120
23767	36121
24236	36122
25356	36123
22879	36124
23716	36125
21859	36126
23005	36127
21633	36128
23295	36129
23378	36130
21745	36131
23050	36132
24232	36133
21589	36134
23015	36135
25047	36136
21468	36137
24329	36138
23598	36139
24488	36140
22528	36141
23539	36142
23451	36143
25222	36144
23494	36145
23450	36146
22947	36147
24972	36148
21234	36149
21799	36150
21485	36151
22590	36152
22614	36153
21203	36154
24265	36155
21891	36156
24784	36157
21128	36158
22987	36159
24412	36160
23910	36161
23917	36162
22530	36163
21954	36164
24013	36165
22038	36166
22592	36167
21448	36168
24707	36169
22861	36170
25353	36171
22990	36172
23812	36173
25229	36174
24292	36175
22012	36176
24215	36177
23954	36178
22238	36179
22509	36180
25372	36181
21153	36182
24308	36183
22188	36184
21651	36185
22149	36186
23538	36187
22482	36188
23649	36189
21178	36190
23155	36191
21068	36192
24640	36193
21076	36194
21371	36195
25366	36196
24603	36197
23564	36198
23674	36199
21207	36200
24229	36201
21631	36202
23802	36203
24818	36204
22216	36205
23177	36206
24509	36207
24630	36208
23621	36209
23974	36210
21642	36211
23313	36212
25316	36213
24850	36214
25306	36215
24689	36216
23220	36217
21999	36218
21830	36219
25158	36220
22859	36221
21607	36222
21609	36223
21162	36224
24396	36225
21619	36226
23199	36227
24024	36228
21216	36229
24959	36230
23362	36231
21580	36232
24733	36233
25377	36234
21034	36235
24252	36236
21040	36237
23114	36238
25141	36239
23309	36240
21727	36241
21213	36242
22928	36243
21832	36244
23151	36245
23454	36246
21166	36247
24840	36248
24909	36249
24826	36250
23573	36251
24616	36252
21281	36253
24905	36254
23030	36255
24944	36256
22298	36257
22168	36258
24347	36259
24076	36260
24421	36261
23518	36262
24276	36263
25479	36264
23491	36265
25154	36266
21321	36267
24165	36268
24201	36269
22156	36270
22857	36271
25193	36272
22260	36273
25098	36274
21065	36275
23584	36276
24082	36277
22929	36278
24969	36279
21033	36280
23379	36281
21043	36282
25217	36283
22807	36284
25384	36285
21133	36286
21016	36287
25057	36288
21685	36289
22337	36290
22401	36291
22266	36292
24923	36293
22456	36294
22873	36295
22805	36296
24621	36297
23791	36298
22996	36299
21836	36300
23358	36301
22270	36302
22003	36303
23873	36304
22347	36305
21269	36306
22370	36307
25351	36308
24537	36309
24017	36310
24382	36311
22798	36312
23383	36313
23912	36314
22741	36315
23431	36316
24548	36317
24924	36318
22721	36319
24251	36320
25350	36321
21421	36322
24442	36323
22602	36324
21831	36325
21739	36326
22372	36327
23354	36328
22632	36329
23636	36330
22014	36331
25199	36332
25495	36333
23587	36334
22871	36335
23602	36336
23299	36337
21573	36338
24950	36339
24003	36340
21066	36341
21221	36342
25089	36343
23872	36344
24848	36345
21183	36346
21738	36347
25093	36348
22748	36349
25182	36350
25140	36351
22364	36352
25156	36353
24148	36354
23082	36355
23141	36356
24103	36357
22898	36358
23850	36359
23601	36360
23916	36361
21456	36362
23133	36363
22173	36364
22574	36365
23482	36366
24721	36367
21639	36368
23800	36369
23856	36370
23107	36371
21613	36372
22367	36373
24674	36374
22159	36375
23960	36376
24282	36377
25165	36378
21283	36379
23804	36380
23205	36381
25314	36382
23162	36383
21482	36384
24189	36385
23193	36386
23209	36387
22299	36388
23692	36389
24149	36390
22657	36391
21417	36392
24262	36393
23128	36394
22792	36395
24140	36396
23479	36397
23870	36398
25454	36399
22494	36400
24263	36401
23119	36402
25008	36403
23149	36404
25381	36405
24131	36406
24893	36407
22943	36408
24048	36409
24200	36410
21080	36411
21654	36412
21603	36413
21364	36414
22058	36415
22560	36416
21893	36417
21853	36418
22222	36419
21083	36420
22059	36421
24673	36422
22830	36423
23485	36424
25470	36425
21467	36426
21928	36427
24073	36428
23711	36429
21488	36430
24595	36431
23648	36432
25375	36433
24917	36434
24708	36435
21508	36436
23871	36437
24094	36438
22455	36439
24050	36440
22616	36441
21255	36442
24994	36443
23625	36444
21638	36445
21717	36446
21873	36447
21766	36448
21899	36449
21951	36450
23685	36451
22866	36452
23743	36453
22435	36454
24752	36455
23270	36456
22278	36457
24293	36458
21340	36459
21989	36460
24647	36461
23097	36462
22593	36463
25120	36464
23574	36465
23742	36466
23429	36467
21000	36468
23932	36469
24302	36470
21235	36471
21360	36472
24476	36473
23717	36474
24285	36475
23350	36476
21693	36477
23627	36478
22606	36479
21917	36480
24365	36481
21500	36482
23654	36483
25272	36484
23889	36485
22147	36486
21549	36487
23756	36488
25236	36489
21328	36490
23221	36491
25206	36492
23283	36493
25449	36494
24714	36495
23357	36496
21806	36497
25102	36498
23192	36499
25388	36500
24529	36501
21726	36502
23838	36503
21434	36504
23213	36505
23918	36506
24037	36507
22800	36508
24482	36509
21562	36510
24791	36511
25399	36512
23032	36513
22680	36514
21541	36515
24572	36516
22111	36517
25330	36518
21380	36519
25450	36520
23393	36521
22903	36522
23611	36523
21071	36524
24544	36525
25333	36526
22237	36527
24886	36528
23962	36529
24392	36530
21275	36531
22642	36532
24124	36533
23057	36534
21525	36535
23240	36536
23658	36537
24515	36538
22779	36539
24072	36540
23780	36541
23864	36542
21260	36543
21575	36544
21986	36545
25026	36546
25369	36547
24284	36548
21694	36549
25405	36550
23769	36551
21679	36552
22605	36553
23633	36554
23547	36555
22071	36556
23902	36557
23554	36558
21078	36559
24446	36560
24799	36561
22332	36562
21718	36563
21563	36564
21992	36565
25258	36566
21697	36567
24591	36568
24617	36569
21711	36570
22330	36571
23373	36572
22008	36573
25385	36574
24611	36575
22158	36576
21346	36577
21100	36578
25464	36579
22735	36580
25476	36581
22667	36582
22811	36583
22672	36584
24654	36585
21142	36586
22204	36587
24722	36588
24317	36589
25129	36590
22853	36591
22161	36592
21972	36593
22445	36594
22078	36595
22778	36596
25005	36597
21017	36598
23865	36599
24391	36600
23010	36601
21529	36602
25473	36603
25070	36604
21861	36605
22439	36606
23272	36607
24894	36608
23047	36609
25063	36610
25168	36611
25275	36612
24346	36613
24801	36614
25342	36615
22174	36616
21906	36617
24053	36618
24049	36619
24583	36620
24025	36621
22362	36622
23323	36623
23668	36624
21111	36625
23150	36626
22074	36627
22198	36628
21949	36629
25458	36630
21382	36631
24767	36632
23489	36633
24918	36634
25214	36635
24652	36636
22383	36637
24982	36638
21271	36639
23927	36640
21569	36641
24473	36642
24554	36643
23824	36644
24380	36645
21200	36646
24730	36647
24955	36648
21953	36649
24386	36650
21058	36651
21823	36652
21312	36653
24550	36654
23556	36655
25406	36656
24128	36657
22978	36658
24469	36659
22394	36660
22258	36661
24015	36662
24078	36663
25006	36664
21366	36665
22864	36666
23698	36667
22776	36668
25313	36669
24879	36670
24400	36671
23237	36672
24393	36673
24735	36674
21995	36675
23253	36676
21847	36677
25352	36678
22235	36679
23549	36680
22740	36681
21489	36682
22516	36683
21318	36684
22525	36685
21588	36686
24693	36687
21705	36688
23672	36689
21637	36690
22062	36691
23645	36692
22053	36693
24842	36694
25147	36695
23501	36696
22209	36697
21707	36698
25296	36699
25226	36700
23928	36701
21641	36702
25302	36703
23651	36704
21069	36705
24797	36706
22938	36707
24922	36708
23180	36709
22325	36710
24581	36711
22042	36712
22997	36713
21316	36714
24108	36715
24794	36716
24723	36717
23174	36718
21725	36719
21600	36720
21405	36721
23001	36722
22757	36723
23048	36724
22770	36725
21336	36726
22812	36727
21732	36728
21767	36729
23287	36730
24356	36731
25169	36732
24279	36733
21013	36734
25212	36735
23862	36736
23958	36737
22690	36738
24836	36739
22481	36740
23380	36741
24443	36742
22823	36743
24340	36744
24661	36745
23452	36746
23139	36747
24173	36748
24776	36749
23245	36750
23038	36751
23419	36752
25387	36753
21620	36754
24439	36755
25231	36756
21313	36757
23744	36758
24873	36759
23671	36760
23782	36761
21126	36762
22048	36763
21443	36764
21524	36765
24289	36766
25227	36767
21800	36768
24964	36769
24859	36770
21964	36771
24383	36772
25269	36773
22390	36774
23336	36775
23575	36776
24910	36777
24193	36778
22814	36779
25465	36780
24178	36781
25340	36782
21821	36783
24314	36784
22115	36785
22709	36786
25215	36787
23730	36788
24771	36789
24719	36790
21656	36791
23315	36792
24409	36793
22870	36794
24702	36795
25363	36796
21816	36797
21644	36798
24683	36799
21139	36800
24197	36801
25307	36802
21184	36803
25248	36804
24370	36805
23857	36806
23966	36807
23582	36808
21259	36809
23092	36810
21120	36811
24929	36812
23028	36813
24474	36814
21341	36815
23519	36816
24774	36817
21687	36818
23635	36819
23630	36820
22905	36821
22993	36822
21256	36823
24209	36824
22816	36825
25270	36826
24216	36827
22178	36828
25322	36829
25153	36830
21649	36831
22585	36832
22029	36833
21483	36834
24686	36835
24483	36836
24486	36837
23435	36838
21552	36839
24668	36840
24506	36841
24975	36842
24066	36843
21844	36844
24196	36845
22004	36846
23364	36847
21150	36848
21089	36849
24095	36850
24061	36851
23341	36852
23226	36853
22432	36854
22452	36855
21692	36856
25198	36857
24864	36858
25201	36859
21286	36860
24802	36861
22131	36862
24499	36863
22081	36864
22912	36865
23455	36866
23957	36867
24973	36868
22710	36869
24278	36870
23811	36871
21658	36872
22328	36873
25339	36874
24254	36875
25389	36876
24088	36877
23185	36878
23997	36879
24604	36880
23212	36881
24161	36882
25490	36883
23310	36884
23880	36885
21408	36886
24808	36887
24099	36888
22169	36889
21625	36890
23852	36891
21885	36892
21197	36893
24250	36894
24034	36895
24627	36896
25132	36897
25358	36898
25444	36899
23562	36900
23589	36901
23280	36902
21375	36903
24117	36904
24952	36905
21662	36906
25039	36907
22083	36908
23588	36909
25416	36910
21439	36911
24593	36912
24449	36913
22538	36914
25469	36915
23903	36916
24745	36917
24806	36918
22190	36919
23331	36920
21819	36921
23239	36922
25004	36923
24644	36924
22175	36925
24921	36926
21359	36927
23472	36928
21173	36929
22836	36930
21123	36931
21186	36932
22922	36933
24458	36934
25062	36935
21963	36936
24985	36937
21586	36938
22257	36939
22480	36940
24492	36941
22656	36942
25345	36943
21733	36944
24045	36945
24574	36946
23003	36947
22087	36948
24737	36949
24244	36950
21682	36951
21721	36952
24829	36953
21684	36954
25118	36955
25176	36956
21367	36957
25043	36958
21523	36959
23124	36960
21756	36961
22679	36962
21289	36963
23951	36964
21185	36965
22006	36966
23381	36967
24980	36968
25177	36969
22317	36970
23772	36971
23421	36972
21109	36973
22930	36974
25033	36975
23858	36976
21121	36977
23372	36978
22277	36979
25422	36980
24519	36981
21740	36982
25299	36983
22584	36984
24949	36985
21239	36986
24524	36987
23265	36988
21614	36989
25045	36990
22727	36991
21895	36992
25155	36993
22677	36994
25357	36995
25374	36996
23042	36997
21064	36998
25301	36999
22831	37000
25172	37001
21961	37002
24389	37003
23578	37004
23700	37005
22025	37006
24116	37007
21085	37008
24185	37009
23275	37010
22766	37011
25209	37012
22515	37013
25032	37014
21940	37015
24936	37016
24709	37017
23398	37018
25303	37019
25002	37020
23337	37021
21059	37022
23891	37023
21661	37024
23931	37025
23828	37026
21436	37027
22130	37028
22977	37029
25446	37030
21315	37031
22759	37032
23745	37033
22484	37034
24534	37035
21171	37036
21785	37037
21496	37038
23108	37039
22944	37040
22075	37041
23227	37042
22448	37043
22687	37044
24304	37045
23413	37046
21868	37047
21887	37048
24109	37049
23359	37050
21214	37051
23631	37052
24367	37053
22192	37054
23025	37055
21389	37056
24496	37057
22232	37058
22032	37059
23266	37060
23666	37061
24027	37062
23447	37063
23036	37064
22546	37065
24967	37066
24943	37067
22240	37068
25484	37069
21968	37070
21701	37071
24501	37072
21808	37073
24440	37074
21557	37075
23775	37076
24561	37077
24477	37078
23762	37079
24125	37080
22100	37081
22600	37082
23235	37083
22165	37084
24331	37085
21415	37086
21356	37087
21835	37088
22408	37089
21164	37090
24063	37091
21353	37092
23969	37093
24040	37094
21339	37095
24990	37096
23023	37097
25086	37098
24349	37099
24785	37100
24016	37101
21686	37102
25180	37103
24274	37104
22924	37105
22233	37106
22122	37107
22076	37108
24766	37109
24996	37110
21546	37111
21406	37112
23992	37113
24388	37114
23122	37115
22582	37116
23890	37117
24451	37118
24345	37119
21879	37120
23126	37121
22970	37122
24376	37123
21502	37124
23276	37125
22636	37126
21914	37127
22676	37128
23326	37129
24419	37130
21597	37131
24269	37132
24414	37133
25223	37134
23261	37135
25099	37136
22655	37137
21604	37138
24191	37139
21079	37140
24233	37141
21618	37142
22933	37143
24857	37144
21095	37145
24920	37146
23757	37147
25186	37148
23616	37149
25415	37150
23476	37151
24653	37152
23138	37153
23644	37154
23402	37155
23825	37156
23387	37157
25175	37158
22568	37159
22575	37160
21210	37161
23669	37162
25112	37163
22926	37164
25336	37165
23662	37166
22631	37167
22162	37168
24710	37169
22197	37170
21250	37171
25392	37172
22472	37173
22405	37174
23328	37175
21851	37176
22460	37177
24600	37178
23037	37179
21418	37180
22139	37181
22618	37182
25011	37183
23382	37184
21730	37185
21678	37186
24208	37187
23356	37188
24586	37189
22129	37190
21673	37191
21750	37192
24507	37193
22974	37194
24081	37195
21875	37196
23120	37197
23941	37198
22098	37199
22681	37200
22230	37201
23580	37202
22127	37203
22548	37204
23761	37205
22934	37206
23079	37207
23984	37208
23650	37209
25122	37210
21108	37211
24043	37212
24245	37213
24901	37214
22908	37215
23434	37216
23946	37217
24315	37218
23248	37219
22297	37220
21403	37221
21035	37222
23843	37223
23936	37224
25239	37225
22847	37226
25202	37227
23976	37228
24869	37229
23855	37230
24549	37231
22167	37232
22545	37233
23090	37234
23525	37235
22241	37236
24839	37237
24432	37238
23241	37239
24022	37240
25082	37241
21763	37242
21670	37243
22888	37244
23251	37245
23360	37246
22073	37247
22838	37248
23709	37249
22808	37250
22306	37251
21932	37252
22884	37253
24225	37254
24505	37255
23866	37256
23511	37257
22599	37258
22019	37259
21252	37260
25410	37261
24156	37262
21112	37263
23417	37264
22619	37265
25173	37266
24075	37267
21056	37268
22754	37269
24028	37270
21752	37271
21134	37272
21973	37273
23026	37274
23724	37275
25359	37276
23643	37277
24411	37278
25022	37279
24151	37280
22832	37281
22733	37282
22638	37283
22813	37284
24294	37285
23523	37286
21936	37287
22554	37288
25411	37289
24679	37290
24295	37291
25433	37292
23552	37293
21209	37294
25210	37295
23920	37296
24845	37297
21700	37298
23115	37299
21172	37300
23544	37301
21190	37302
23011	37303
21790	37304
22802	37305
23406	37306
24457	37307
25402	37308
22817	37309
23845	37310
21007	37311
22603	37312
23118	37313
22399	37314
24305	37315
25262	37316
25242	37317
24134	37318
23536	37319
21075	37320
23763	37321
21948	37322
23680	37323
24299	37324
22421	37325
25145	37326
24948	37327
24343	37328
24145	37329
24155	37330
22027	37331
21858	37332
23634	37333
23152	37334
23781	37335
21987	37336
25195	37337
24897	37338
24055	37339
23067	37340
24911	37341
23777	37342
23831	37343
24264	37344
24706	37345
22604	37346
24803	37347
25251	37348
22210	37349
23558	37350
22206	37351
23091	37352
21393	37353
22067	37354
25371	37355
22113	37356
22411	37357
23078	37358
24318	37359
24154	37360
22001	37361
21918	37362
23094	37363
25331	37364
22760	37365
23367	37366
21736	37367
22181	37368
22366	37369
24137	37370
24434	37371
24558	37372
21611	37373
24651	37374
22900	37375
21532	37376
22665	37377
24587	37378
23922	37379
24359	37380
21659	37381
22368	37382
21187	37383
23953	37384
23504	37385
23955	37386
23441	37387
23131	37388
23840	37389
22492	37390
23901	37391
25059	37392
24406	37393
21628	37394
24403	37395
21743	37396
21671	37397
24634	37398
24827	37399
23480	37400
22535	37401
21539	37402
21268	37403
22410	37404
25019	37405
25167	37406
22951	37407
25115	37408
21565	37409
23906	37410
23801	37411
24740	37412
23799	37413
21874	37414
22094	37415
22243	37416
22771	37417
22199	37418
22971	37419
24195	37420
22763	37421
22918	37422
24979	37423
24106	37424
24303	37425
21311	37426
24065	37427
21288	37428
22219	37429
21092	37430
23728	37431
22307	37432
24101	37433
23355	37434
25496	37435
21567	37436
24384	37437
22320	37438
23531	37439
23986	37440
22893	37441
22157	37442
24675	37443
21815	37444
25241	37445
22549	37446
21845	37447
23169	37448
22292	37449
22998	37450
23594	37451
23458	37452
24783	37453
23888	37454
21337	37455
22651	37456
22440	37457
21690	37458
25130	37459
22195	37460
24960	37461
25101	37462
23301	37463
23065	37464
25092	37465
25188	37466
25164	37467
24091	37468
21843	37469
21497	37470
24761	37471
21774	37472
22112	37473
23386	37474
21645	37475
24204	37476
23279	37477
24114	37478
22738	37479
23900	37480
21014	37481
22295	37482
24153	37483
23349	37484
23068	37485
24974	37486
22176	37487
22223	37488
21782	37489
21559	37490
22437	37491
24564	37492
22375	37493
25300	37494
21310	37495
24222	37496
21402	37497
24490	37498
24471	37499
23787	37500
22601	37501
24498	37502
24272	37503
23628	37504
22060	37505
25197	37506
22963	37507
24671	37508
25397	37509
23776	37510
21825	37511
24821	37512
21265	37513
24705	37514
23913	37515
23908	37516
23034	37517
24513	37518
25114	37519
24991	37520
23972	37521
21182	37522
22301	37523
24937	37524
22819	37525
22613	37526
21294	37527
23394	37528
23467	37529
22982	37530
22369	37531
24184	37532
22637	37533
22422	37534
22497	37535
22887	37536
21326	37537
24520	37538
22514	37539
25412	37540
21241	37541
24962	37542
23112	37543
23399	37544
22881	37545
22961	37546
25160	37547
25391	37548
22331	37549
24427	37550
22806	37551
24758	37552
23604	37553
23346	37554
23919	37555
22984	37556
23720	37557
24542	37558
22359	37559
23747	37560
24118	37561
22103	37562
23229	37563
23945	37564
22391	37565
25025	37566
22526	37567
24881	37568
21215	37569
22023	37570
21474	37571
21094	37572
24906	37573
22288	37574
22764	37575
21965	37576
25418	37577
22783	37578
21084	37579
22427	37580
25124	37581
22265	37582
21978	37583
22296	37584
22465	37585
24762	37586
21617	37587
24255	37588
23377	37589
23308	37590
22837	37591
21117	37592
23284	37593
22751	37594
23733	37595
22507	37596
22424	37597
24516	37598
23877	37599
21400	37600
22840	37601
23563	37602
22949	37603
22124	37604
21219	37605
24555	37606
23040	37607
21771	37608
25337	37609
22453	37610
21018	37611
21934	37612
23224	37613
24795	37614
23483	37615
22428	37616
21514	37617
24341	37618
25090	37619
23722	37620
21425	37621
21775	37622
24522	37623
22559	37624
21416	37625
21952	37626
24935	37627
23466	37628
21004	37629
23088	37630
23609	37631
24860	37632
22187	37633
25294	37634
23894	37635
24825	37636
21722	37637
23892	37638
22302	37639
22698	37640
24415	37641
24981	37642
24316	37643
23044	37644
24218	37645
23111	37646
22746	37647
24878	37648
25401	37649
24704	37650
22138	37651
23830	37652
21277	37653
21262	37654
24363	37655
21399	37656
25329	37657
23579	37658
24280	37659
21824	37660
24694	37661
24532	37662
21349	37663
21536	37664
23096	37665
22080	37666
22711	37667
23464	37668
25478	37669
25368	37670
24115	37671
24961	37672
21050	37673
24759	37674
22273	37675
23813	37676
21290	37677
22017	37678
21646	37679
22700	37680
24171	37681
25150	37682
22488	37683
21669	37684
25334	37685
24313	37686
23329	37687
22784	37688
22999	37689
22505	37690
22106	37691
22972	37692
24010	37693
24743	37694
24310	37695
21222	37696
21319	37697
25325	37698
24321	37699
21608	37700
24931	37701
21229	37702
23999	37703
21904	37704
21777	37705
23829	37706
21344	37707
24584	37708
24588	37709
23796	37710
25128	37711
22689	37712
21528	37713
24307	37714
24904	37715
23168	37716
22392	37717
24734	37718
24479	37719
23189	37720
21829	37721
21542	37722
23613	37723
25286	37724
22207	37725
22622	37726
24976	37727
24724	37728
23347	37729
21333	37730
21759	37731
25103	37732
22643	37733
22184	37734
21354	37735
23063	37736
22976	37737
21282	37738
21902	37739
24394	37740
25260	37741
24718	37742
23540	37743
24695	37744
25378	37745
23249	37746
25224	37747
22517	37748
21093	37749
22346	37750
24135	37751
21555	37752
22409	37753
25326	37754
23408	37755
22490	37756
23939	37757
25383	37758
24575	37759
21388	37760
22105	37761
24810	37762
24497	37763
25463	37764
24765	37765
24633	37766
23792	37767
23995	37768
23839	37769
22954	37770
25228	37771
22291	37772
24511	37773
21709	37774
21478	37775
25216	37776
22877	37777
23274	37778
23182	37779
21583	37780
22041	37781
23605	37782
22678	37783
25234	37784
21397	37785
22145	37786
25279	37787
23885	37788
24190	37789
23054	37790
25066	37791
24625	37792
24755	37793
25266	37794
21091	37795
23703	37796
22980	37797
23498	37798
22662	37799
21958	37800
22557	37801
24619	37802
24699	37803
24226	37804
22442	37805
24953	37806
24210	37807
24217	37808
24277	37809
23641	37810
24058	37811
21748	37812
22706	37813
22239	37814
24220	37815
22099	37816
21238	37817
22833	37818
22280	37819
25142	37820
21165	37821
21347	37822
24731	37823
25420	37824
21077	37825
24984	37826
22215	37827
24919	37828
23759	37829
24551	37830
21510	37831
24235	37832
23947	37833
22935	37834
24455	37835
23521	37836
22163	37837
21702	37838
22039	37839
22755	37840
23807	37841
24042	37842
22498	37843
24067	37844
24777	37845
21244	37846
23822	37847
24888	37848
24163	37849
22852	37850
23081	37851
21746	37852
21970	37853
24913	37854
21804	37855
23933	37856
22899	37857
21521	37858
21158	37859
23470	37860
23202	37861
22264	37862
23506	37863
21610	37864
21959	37865
22467	37866
24205	37867
22355	37868
22028	37869
24475	37870
22055	37871
23929	37872
23127	37873
23286	37874
23809	37875
23897	37876
21429	37877
22446	37878
23699	37879
23232	37880
21449	37881
21317	37882
24026	37883
21011	37884
24567	37885
23914	37886
24585	37887
22170	37888
22952	37889
22303	37890
21820	37891
21170	37892
23655	37893
21969	37894
24573	37895
24639	37896
23529	37897
25218	37898
25232	37899
22348	37900
22274	37901
23371	37902
21138	37903
21031	37904
23201	37905
25361	37906
24951	37907
23004	37908
22096	37909
23882	37910
23002	37911
23895	37912
21753	37913
21755	37914
24832	37915
22917	37916
25488	37917
23496	37918
23965	37919
22865	37920
24854	37921
23053	37922
25024	37923
23277	37924
21956	37925
22054	37926
21274	37927
24876	37928
24325	37929
24452	37930
25184	37931
23600	37932
24716	37933
22826	37934
24228	37935
24750	37936
22093	37937
21009	37938
24528	37939
24338	37940
21665	37941
22724	37942
25413	37943
21522	37944
23230	37945
22782	37946
25467	37947
23577	37948
23409	37949
23061	37950
25042	37951
24642	37952
22842	37953
21266	37954
21206	37955
22194	37956
22339	37957
21579	37958
23200	37959
22765	37960
23076	37961
21465	37962
22473	37963
22693	37964
23695	37965
25065	37966
22252	37967
24787	37968
22992	37969
22670	37970
21381	37971
24697	37972
21428	37973
23768	37974
21601	37975
21044	37976
22902	37977
25277	37978
23930	37979
24461	37980
22225	37981
24258	37982
22644	37983
21401	37984
23031	37985
25403	37986
23204	37987
22180	37988
22110	37989
25249	37990
23184	37991
22810	37992
21886	37993
21350	37994
22046	37995
21369	37996
23576	37997
25137	37998
23738	37999
24632	38000
24816	38001
22685	38002
23827	38003
22654	38004
23949	38005
21988	38006
23296	38007
23263	38008
21548	38009
21923	38010
21498	38011
21116	38012
24372	38013
22459	38014
23684	38015
21466	38016
21307	38017
24441	38018
22403	38019
24247	38020
23571	38021
23653	38022
22404	38023
23967	38024
24940	38025
24260	38026
24098	38027
21188	38028
25472	38029
24956	38030
22744	38031
25293	38032
23401	38033
25409	38034
21779	38035
21566	38036
24423	38037
21980	38038
21839	38039
23753	38040
24052	38041
22854	38042
21865	38043
22000	38044
22762	38045
23507	38046
21082	38047
25474	38048
21503	38049
23319	38050
21856	38051
21768	38052
21993	38053
21841	38054
22620	38055
24665	38056
21518	38057
25246	38058
24849	38059
24438	38060
22511	38061
23370	38062
22958	38063
21516	38064
24545	38065
25071	38066
22441	38067
25321	38068
24970	38069
22461	38070
21648	38071
23390	38072
24019	38073
22612	38074
23059	38075
25190	38076
23937	38077
23904	38078
25451	38079
24355	38080
24669	38081
25310	38082
22152	38083
23861	38084
21826	38085
25148	38086
21246	38087
22769	38088
21470	38089
24330	38090
25407	38091
23086	38092
21866	38093
21129	38094
23755	38095
22275	38096
22211	38097
24123	38098
24517	38099
22051	38100
22634	38101
25439	38102
24914	38103
25051	38104
22897	38105
24930	38106
22682	38107
24290	38108
22950	38109
23106	38110
23846	38111
23125	38112
24815	38113
22561	38114
24487	38115
21362	38116
22910	38117
23442	38118
21088	38119
23599	38120
23608	38121
22753	38122
23979	38123
24249	38124
21547	38125
24142	38126
22919	38127
22882	38128
24300	38129
22862	38130
24030	38131
22335	38132
22164	38133
24000	38134
21882	38135
24624	38136
21985	38137
23436	38138
21248	38139
21751	38140
22773	38141
21025	38142
21997	38143
24606	38144
24823	38145
21144	38146
22036	38147
22573	38148
23084	38149
23548	38150
22351	38151
24861	38152
21593	38153
23746	38154
22430	38155
22855	38156
23606	38157
25055	38158
22522	38159
22172	38160
21030	38161
22945	38162
24824	38163
23425	38164
23530	38165
21272	38166
21695	38167
25020	38168
21571	38169
21715	38170
24514	38171
21070	38172
24531	38173
21683	38174
22144	38175
21594	38176
21471	38177
23515	38178
22056	38179
25075	38180
22501	38181
25017	38182
23614	38183
22904	38184
22913	38185
25213	38186
25435	38187
21653	38188
22646	38189
21849	38190
21676	38191
22543	38192
25456	38193
22627	38194
22846	38195
25332	38196
22010	38197
24157	38198
21553	38199
22423	38200
22991	38201
21459	38202
21226	38203
24847	38204
24666	38205
22011	38206
23256	38207
25069	38208
22061	38209
22986	38210
23320	38211
22141	38212
22767	38213
24491	38214
22607	38215
22860	38216
25376	38217
23534	38218
21945	38219
21867	38220
22310	38221
23236	38222
24311	38223
21883	38224
23083	38225
21786	38226
22521	38227
23462	38228
25030	38229
22789	38230
25233	38231
21104	38232
25452	38233
24054	38234
22527	38235
23665	38236
22610	38237
23161	38238
22018	38239
22341	38240
24590	38241
24525	38242
23302	38243
22957	38244
21194	38245
25297	38246
23024	38247
25200	38248
24672	38249
21876	38250
25317	38251
24038	38252
21394	38253
23278	38254
22821	38255
25053	38256
22378	38257
24800	38258
23679	38259
25396	38260
22829	38261
21087	38262
22329	38263
24032	38264
24425	38265
22729	38266
24809	38267
22382	38268
21925	38269
21657	38270
23153	38271
21881	38272
22939	38273
22013	38274
22316	38275
21469	38276
23385	38277
24342	38278
21983	38279
24882	38280
24219	38281
22648	38282
24129	38283
22214	38284
24571	38285
21616	38286
21838	38287
24090	38288
24778	38289
24933	38290
24159	38291
25347	38292
21140	38293
24328	38294
24658	38295
24041	38296
23629	38297
22835	38298
22609	38299
24238	38300
22739	38301
21818	38302
22281	38303
24069	38304
22785	38305
24540	38306
24126	38307
21048	38308
22674	38309
22202	38310
25287	38311
22863	38312
24656	38313
23160	38314
24983	38315
23878	38316
24364	38317
22271	38318
21438	38319
22566	38320
21605	38321
21211	38322
25088	38323
23178	38324
21413	38325
25240	38326
24942	38327
24968	38328
22183	38329
21501	38330
22425	38331
23246	38332
25323	38333
22400	38334
23771	38335
22718	38336
22901	38337
25109	38338
25015	38339
23477	38340
23432	38341
22639	38342
21386	38343
24577	38344
22758	38345
24453	38346
22109	38347
23512	38348
21368	38349
25192	38350
21038	38351
23089	38352
23618	38353
23259	38354
25080	38355
21668	38356
24312	38357
24856	38358
22380	38359
24744	38360
23297	38361
22045	38362
21302	38363
24110	38364
22406	38365
22536	38366
24887	38367
23795	38368
21892	38369
23469	38370
24096	38371
22645	38372
23721	38373
21045	38374
21073	38375
22874	38376
23345	38377
24828	38378
22276	38379
21240	38380
23526	38381
24009	38382
25245	38383
21189	38384
24963	38385
24871	38386
23677	38387
21924	38388
21103	38389
22314	38390
25370	38391
25348	38392
21046	38393
25257	38394
23676	38395
21530	38396
22921	38397
22226	38398
22868	38399
24813	38400
23803	38401
23790	38402
22491	38403
21296	38404
21966	38405
22133	38406
22489	38407
24120	38408
24070	38409
24696	38410
25373	38411
21444	38412
23764	38413
24371	38414
24270	38415
21634	38416
21114	38417
23298	38418
24104	38419
21696	38420
24418	38421
25492	38422
22385	38423
24793	38424
23583	38425
22463	38426
24404	38427
21595	38428
25441	38429
25050	38430
22953	38431
21096	38432
24834	38433
23553	38434
22009	38435
22955	38436
23537	38437
22712	38438
23760	38439
23062	38440
21872	38441
24938	38442
22451	38443
21754	38444
21298	38445
21776	38446
21457	38447
24176	38448
22572	38449
22520	38450
24152	38451
23499	38452
23832	38453
24426	38454
23592	38455
23817	38456
21602	38457
21420	38458
22108	38459
22775	38460
23311	38461
23642	38462
23486	38463
25365	38464
23113	38465
22340	38466
24344	38467
22703	38468
25292	38469
21062	38470
24822	38471
22052	38472
21113	38473
22116	38474
24147	38475
24018	38476
22154	38477
21423	38478
24546	38479
23819	38480
25259	38481
23074	38482
23710	38483
22469	38484
24903	38485
22799	38486
23273	38487
21572	38488
25468	38489
21677	38490
21199	38491
22583	38492
22305	38493
24539	38494
23129	38495
22153	38496
23181	38497
22102	38498
24221	38499
21377	38500
22166	38501
22005	38502
21792	38503
21292	38504
24552	38505
24266	38506
25104	38507
22591	38508
25163	38509
21090	38510
21741	38511
22436	38512
25001	38513
23471	38514
21574	38515
23734	38516
22384	38517
25498	38518
21067	38519
23351	38520
21131	38521
24136	38522
24033	38523
25159	38524
21942	38525
23741	38526
22304	38527
21950	38528
25394	38529
23085	38530
24119	38531
21167	38532
21422	38533
24907	38534
25483	38535
24713	38536
23971	38537
23905	38538
22973	38539
23836	38540
21202	38541
22462	38542
24664	38543
21513	38544
24092	38545
22396	38546
24369	38547
24615	38548
21258	38549
25107	38550
24780	38551
25305	38552
24468	38553
25312	38554
21708	38555
24500	38556
21450	38557
23197	38558
24169	38559
23934	38560
21627	38561
21689	38562
23977	38563
23397	38564
24688	38565
22227	38566
24267	38567
21193	38568
22815	38569
22371	38570
23527	38571
23514	38572
23500	38573
25453	38574
21896	38575
23093	38576
22417	38577
21161	38578
25491	38579
25091	38580
24326	38581
23098	38582
23909	38583
22524	38584
24608	38585
22120	38586
21672	38587
21941	38588
25078	38589
24877	38590
21331	38591
24084	38592
24692	38593
23637	38594
22499	38595
21196	38596
25060	38597
24965	38598
22150	38599
21181	38600
23071	38601
22450	38602
23983	38603
24510	38604
24334	38605
23252	38606
22026	38607
22374	38608
22768	38609
22617	38610
24764	38611
23194	38612
25073	38613
23051	38614
23433	38615
23136	38616
24181	38617
21878	38618
23797	38619
25291	38620
23330	38621
21680	38622
22007	38623
22030	38624
23102	38625
25110	38626
23528	38627
23327	38628
23325	38629
22049	38630
21245	38631
23304	38632
23788	38633
24429	38634
25127	38635
21491	38636
22702	38637
24890	38638
22927	38639
24194	38640
22567	38641
23557	38642
25105	38643
24456	38644
23826	38645
22598	38646
21909	38647
24283	38648
24812	38649
21870	38650
25457	38651
23215	38652
21022	38653
24502	38654
22426	38655
21666	38656
21561	38657
25244	38658
21957	38659
22966	38660
24448	38661
24231	38662
22397	38663
21159	38664
23411	38665
24186	38666
21198	38667
22968	38668
22217	38669
24946	38670
23340	38671
22544	38672
22825	38673
24014	38674
24086	38675
22965	38676
24677	38677
21515	38678
21473	38679
24596	38680
22086	38681
25430	38682
22658	38683
24056	38684
25237	38685
24493	38686
24241	38687
21426	38688
22353	38689
24570	38690
23045	38691
21484	38692
23143	38693
25487	38694
21175	38695
21621	38696
21419	38697
21550	38698
21396	38699
22245	38700
21086	38701
24381	38702
21509	38703
22777	38704
22529	38705
23806	38706
22621	38707
24912	38708
22072	38709
25280	38710
25087	38711
23008	38712
22717	38713
24059	38714
23706	38715
24838	38716
23714	38717
22615	38718
21944	38719
22923	38720
22231	38721
22471	38722
21864	38723
23942	38724
24079	38725
25273	38726
22300	38727
21929	38728
22486	38729
24607	38730
22772	38731
23835	38732
21125	38733
25390	38734
24535	38735
23321	38736
21884	38737
22809	38738
24614	38739
21163	38740
21212	38741
21149	38742
22034	38743
22247	38744
22640	38745
24527	38746
23982	38747
25196	38748
22293	38749
24631	38750
23282	38751
25344	38752
21279	38753
23701	38754
25076	38755
21911	38756
24206	38757
25131	38758
21714	38759
23039	38760
23021	38761
22669	38762
21102	38763
21152	38764
21267	38765
25054	38766
22289	38767
23545	38768
21284	38769
23808	38770
22381	38771
22565	38772
23461	38773
25187	38774
25027	38775
25084	38776
21544	38777
22869	38778
23335	38779
23841	38780
23418	38781
24478	38782
24234	38783
21855	38784
24436	38785
21387	38786
22828	38787
25471	38788
24246	38789
25379	38790
21788	38791
23478	38792
22254	38793
23426	38794
25235	38795
22015	38796
21770	38797
24237	38798
21049	38799
21531	38800
23457	38801
23970	38802
21533	38803
21276	38804
24012	38805
23460	38806
22699	38807
22841	38808
22311	38809
24160	38810
23231	38811
23087	38812
22895	38813
24402	38814
21991	38815
25151	38816
22595	38817
22458	38818
21169	38819
23815	38820
24430	38821
23693	38822
21778	38823
23505	38824
22193	38825
21540	38826
24410	38827
22077	38828
21622	38829
21003	38830
23968	38831
24375	38832
24563	38833
23622	38834
24354	38835
21894	38836
24660	38837
21789	38838
21480	38839
23268	38840
23590	38841
22268	38842
23779	38843
23950	38844
25442	38845
25432	38846
21921	38847
22719	38848
23567	38849
24680	38850
25181	38851
25493	38852
23617	38853
22021	38854
23285	38855
23620	38856
25285	38857
21729	38858
21398	38859
21590	38860
21372	38861
21810	38862
24676	38863
23879	38864
23291	38865
24273	38866
24350	38867
23322	38868
21427	38869
23391	38870
22510	38871
22858	38872
23222	38873
21257	38874
23443	38875
25058	38876
24021	38877
22960	38878
23550	38879
23638	38880
22229	38881
21390	38882
24093	38883
24253	38884
23938	38885
23810	38886
23707	38887
23705	38888
23952	38889
23234	38890
25035	38891
24385	38892
24175	38893
22523	38894
24569	38895
21728	38896
24896	38897
24851	38898
22659	38899
22541	38900
25121	38901
24504	38902
24885	38903
25171	38904
23823	38905
23233	38906
21223	38907
22365	38908
23405	38909
21412	38910
21713	38911
24020	38912
23595	38913
21486	38914
21098	38915
23740	38916
23225	38917
22449	38918
23159	38919
22925	38920
23893	38921
21974	38922
22160	38923
21097	38924
24728	38925
22750	38926
25179	38927
25067	38928
23842	38929
25219	38930
23860	38931
24814	38932
24698	38933
25482	38934
23626	38935
24727	38936
23206	38937
22666	38938
24613	38939
22576	38940
23049	38941
22513	38942
24533	38943
25461	38944
21384	38945
22142	38946
21742	38947
23853	38948
23243	38949
23170	38950
23975	38951
25268	38952
24077	38953
24659	38954
22208	38955
22146	38956
25475	38957
24298	38958
23208	38959
23166	38960
21907	38961
21981	38962
22668	38963
21224	38964
24031	38965
21592	38966
25318	38967
24378	38968
24166	38969
24993	38970
23164	38971
23468	38972
23104	38973
21146	38974
24872	38975
22248	38976
23135	38977
22691	38978
24168	38979
22589	38980
22085	38981
21699	38982
22791	38983
22985	38984
22137	38985
21655	38986
25264	38987
22834	38988
22803	38989
23110	38990
24133	38991
23985	38992
24008	38993
22415	38994
21143	38995
21955	38996
23911	38997
23687	38998
23593	38999
22629	39000
24112	39001
21643	39002
23019	39003
24460	39004
24459	39005
23395	39006
21264	39007
22282	39008
22377	39009
22343	39010
24495	39011
25448	39012
23404	39013
22412	39014
23109	39015
23586	39016
21168	39017
24361	39018
21157	39019
25460	39020
21848	39021
25265	39022
24023	39023
23361	39024
21461	39025
23924	39026
22040	39027
23123	39028
22454	39029
22286	39030
21585	39031
22319	39032
23818	39033
23219	39034
25267	39035
23923	39036
21910	39037
22941	39038
25028	39039
22064	39040
22179	39041
24450	39042
24281	39043
23656	39044
23095	39045
23533	39046
21476	39047
21374	39048
23682	39049
23262	39050
21314	39051
25038	39052
22839	39053
24870	39054
24074	39055
22228	39056
24107	39057
23568	39058
25400	39059
22580	39060
21385	39061
22569	39062
21334	39063
21787	39064
24323	39065
23849	39066
24207	39067
23000	39068
24763	39069
24044	39070
22723	39071
22438	39072
24485	39073
23423	39074
24895	39075
21783	39076
25116	39077
23886	39078
23492	39079
24287	39080
22220	39081
21373	39082
21204	39083
22915	39084
21913	39085
24612	39086
21560	39087
23055	39088
25261	39089
21947	39090
22624	39091
23342	39092
25095	39093
24657	39094
24605	39095
22579	39096
22856	39097
24739	39098
21663	39099
23267	39100
21365	39101
21451	39102
24622	39103
24999	39104
21335	39105
23056	39106
24643	39107
24992	39108
21099	39109
22084	39110
21247	39111
23324	39112
24526	39113
21355	39114
21943	39115
21330	39116
22704	39117
24618	39118
24007	39119
21012	39120
22872	39121
23214	39122
23754	39123
21962	39124
22732	39125
23607	39126
22959	39127
24480	39128
22553	39129
24223	39130
22148	39131
22092	39132
25425	39133
23639	39134
25170	39135
23732	39136
25404	39137
23869	39138
24489	39139
22136	39140
23884	39141
24889	39142
24741	39143
25138	39144
21520	39145
21343	39146
24122	39147
21640	39148
25191	39149
21556	39150
23987	39151
24521	39152
23963	39153
23980	39154
23437	39155
21797	39156
25068	39157
25256	39158
23121	39159
24547	39160
21757	39161
22128	39162
24928	39163
24866	39164
22793	39165
21996	39166
23190	39167
24729	39168
22820	39169
23591	39170
21803	39171
22088	39172
24211	39173
22587	39174
24105	39175
23783	39176
24335	39177
23317	39178
21758	39179
24987	39180
22376	39181
24782	39182
22387	39183
23035	39184
25136	39185
23203	39186
21504	39187
25304	39188
24062	39189
23688	39190
21409	39191
22357	39192
24650	39193
23444	39194
22641	39195
21006	39196
22594	39197
24562	39198
22920	39199
21667	39200
21361	39201
24351	39202
23612	39203
24779	39204
24902	39205
21363	39206
25208	39207
24089	39208
21383	39209
21278	39210
21860	39211
21731	39212
22630	39213
24240	39214
21179	39215
23440	39216
24348	39217
22470	39218
22418	39219
23339	39220
24820	39221
22848	39222
24113	39223
25079	39224
23415	39225
25144	39226
21021	39227
22493	39228
23186	39229
21458	39230
22914	39231
23887	39232
22444	39233
23375	39234
23694	39235
23770	39236
22466	39237
22649	39238
24001	39239
22564	39240
23725	39241
22875	39242
21735	39243
21852	39244
24462	39245
23726	39246
21857	39247
21433	39248
21002	39249
24445	39250
23615	39251
22134	39252
23156	39253
24926	39254
25096	39255
23300	39256
22031	39257
23896	39258
23176	39259
24681	39260
22321	39261
21492	39262
22956	39263
22251	39264
22132	39265
21652	39266
24629	39267
23172	39268
24188	39269
21227	39270
24121	39271
22761	39272
21249	39273
24322	39274
22285	39275
22907	39276
21379	39277
24863	39278
23332	39279
21293	39280
23794	39281
23410	39282
24646	39283
25485	39284
22212	39285
22571	39286
21118	39287
23175	39288
22556	39289
21431	39290
24362	39291
23833	39292
22940	39293
21053	39294
24701	39295
21370	39296
23305	39297
24379	39298
25497	39299
25133	39300
24971	39301
24111	39302
22714	39303
21024	39304
22043	39305
25036	39306
23847	39307
23157	39308
21971	39309
22125	39310
23163	39311
22177	39312
24512	39313
21130	39314
24377	39315
22244	39316
24837	39317
22070	39318
24908	39319
21110	39320
21506	39321
22344	39322
21160	39323
21499	39324
22398	39325
21576	39326
25440	39327
24162	39328
24748	39329
24213	39330
22967	39331
22878	39332
23392	39333
25221	39334
23465	39335
25295	39336
21912	39337
22539	39338
25044	39339
24275	39340
24132	39341
23821	39342
21320	39343
23288	39344
24556	39345
25298	39346
23569	39347
21764	39348
24333	39349
21822	39350
21301	39351
25328	39352
22512	39353
24775	39354
23171	39355
21794	39356
21195	39357
22519	39358
24939	39359
24747	39360
21624	39361
23816	39362
23027	39363
23524	39364
24444	39365
24508	39366
24977	39367
24598	39368
21919	39369
22983	39370
25417	39371
24717	39372
25255	39373
21772	39374
23883	39375
25041	39376
22350	39377
23731	39378
23052	39379
23784	39380
24327	39381
21243	39382
22822	39383
22358	39384
24594	39385
21176	39386
23697	39387
24395	39388
23117	39389
24332	39390
25311	39391
24557	39392
22716	39393
23058	39394
23727	39395
22218	39396
23148	39397
23424	39398
23281	39399
22363	39400
24635	39401
21869	39402
21636	39403
21220	39404
25194	39405
24579	39406
24060	39407
23158	39408
23137	39409
23306	39410
23343	39411
22577	39412
22079	39413
24610	39414
23484	39415
24464	39416
24358	39417
22911	39418
22889	39419
21802	39420
23686	39421
25395	39422
21304	39423
22756	39424
24518	39425
21230	39426
23820	39427
22845	39428
21115	39429
24408	39430
24541	39431
24898	39432
21723	39433
24597	39434
24892	39435
24559	39436
22851	39437
21107	39438
21325	39439
25320	39440
23691	39441
23596	39442
22551	39443
25447	39444
22107	39445
22476	39446
23389	39447
22354	39448
25437	39449
25338	39450
23352	39451
24715	39452
25000	39453
23750	39454
21807	39455
22664	39456
23428	39457
24831	39458
23673	39459
23439	39460
22151	39461
21769	39462
25012	39463
22431	39464
22876	39465
23624	39466
22069	39467
24100	39468
23948	39469
25207	39470
23338	39471
21481	39472
21519	39473
25436	39474
24182	39475
23453	39476
23690	39477
22269	39478
22540	39479
22660	39480
23077	39481
23353	39482
21023	39483
24645	39484
22786	39485
22742	39486
21939	39487
23988	39488
24667	39489
21407	39490
22089	39491
24494	39492
21055	39493
23925	39494
23560	39495
21780	39496
24687	39497
23463	39498
23766	39499
22361	39500
22313	39501
24538	39502
21898	39503
25367	39504
23572	39505
23597	39506
24678	39507
23416	39508
23509	39509
21812	39510
23412	39511
24746	39512
21982	39513
23935	39514
23723	39515
25424	39516
24700	39517
21273	39518
24530	39519
23009	39520
24192	39521
25283	39522
21890	39523
24599	39524
22626	39525
24387	39526
22663	39527
23154	39528
22581	39529
25031	39530
21937	39531
23103	39532
23603	39533
22697	39534
23271	39535
22818	39536
21329	39537
21324	39538
25408	39539
22402	39540
25445	39541
21494	39542
21716	39543
24568	39544
22937	39545
22547	39546
25143	39547
24158	39548
23145	39549
25052	39550
23258	39551
22118	39552
22123	39553
24789	39554
23704	39555
23481	39556
23244	39557
23020	39558
23400	39559
24297	39560
23363	39561
21744	39562
25477	39563
25282	39564
24670	39565
24805	39566
22221	39567
21517	39568
23344	39569
21558	39570
21798	39571
23017	39572
22695	39573
22104	39574
23944	39575
25343	39576
23414	39577
21863	39578
21430	39579
23228	39580
21432	39581
25021	39582
23247	39583
24757	39584
22487	39585
22788	39586
24855	39587
22082	39588
25183	39589
23736	39590
24754	39591
23116	39592
25382	39593
24690	39594
22843	39595
23805	39596
25421	39597
22728	39598
24927	39599
25029	39600
24578	39601
21217	39602
22022	39603
23610	39604
21020	39605
22393	39606
21570	39607
21511	39608
23318	39609
23859	39610
22936	39611
24172	39612
24609	39613
24628	39614
22752	39615
21136	39616
24636	39617
25459	39618
22891	39619
21922	39620
22653	39621
25360	39622
22479	39623
22135	39624
24880	39625
22550	39626
21306	39627
23863	39628
21051	39629
22201	39630
21303	39631
22468	39632
24819	39633
25308	39634
21308	39635
23765	39636
23384	39637
22191	39638
22964	39639
21357	39640
25290	39641
24301	39642
21629	39643
25134	39644
24626	39645
25085	39646
21036	39647
22563	39648
24891	39649
21632	39650
21527	39651
23314	39652
24620	39653